id,osid,party,A,B,C,D,E,F,G,H,I,J,K,L,M,N,O,P,Q,R,S,T,U,V,W,X,Y,Z
400004,N00003028,Republican,196587,49897,53597,130645,70244,133347,84094,66544,0,22048,80484,22000,37500,0,0,0,0,0,0,75946,0,0,0,11445,88134,5500
400006,N00025464,Republican,16799,25850,6500,5000,24000,30400,13400,21000,0,-5000,18360,5000,0,0,0,0,0,0,0,23850,0,0,0,10250,33753,4000
400008,N00000826,Democrat,3500,26100,11400,38350,17500,69511,62933,112974,0,25410,103785,113500,12450,0,0,0,0,0,0,20800,0,0,0,6800,97699,2900
400010,N00008091,Republican,0,-1000,29500,1000,0,144000,27100,3000,0,9500,30250,0,2055,0,0,0,0,0,0,26676,0,0,0,0,0,0
400013,N00004367,Democrat,30750,8750,52950,1000,32568,38701,40804,101316,0,15100,59554,82618,6700,0,0,0,0,0,0,17450,0,0,0,87202,80118,50576
400018,N00005656,Republican,8000,51300,86800,29600,263250,89476,97550,98000,0,14639,44450,1500,43805,0,0,0,0,0,0,54000,0,0,0,19850,45700,11000
400021,N00009774,Democrat,26500,49304,140721,40000,35750,429792,155500,333420,0,61760,133333,155000,24500,0,0,0,0,0,0,60310,0,0,0,28700,135150,65491
400030,N00002674,Democrat,162250,23800,59350,48250,47500,130690,126338,82750,0,40070,87294,157800,36750,0,0,0,0,0,0,49850,0,0,0,22600,113080,21138
400031,N00025413,Democrat,19050,81650,97740,5000,31948,271559,85343,229175,0,1315469,106910,447296,39100,0,0,0,0,0,0,96398,0,0,0,167035,167224,2658641
400029,N00025292,Republican,26599,14500,7000,89000,152499,35850,46750,18500,0,49450,43048,10000,9750,0,0,0,0,0,0,21500,0,0,0,1000,35600,0
400032,N00003105,Republican,26000,50550,182300,38500,145100,208076,161828,521450,0,41986,96741,7000,61596,0,0,0,0,0,0,120350,0,0,0,39600,212384,5700
400033,N00007727,Democrat,10250,134500,36300,3000,26842,161625,95998,162113,0,47621,78297,174125,54875,0,0,0,0,0,0,106850,0,0,0,24000,54376,12575
400034,N00005195,Republican,116850,61100,78150,44750,108450,332150,144250,139850,0,123466,141435,16750,76475,0,0,0,0,0,0,171750,0,0,0,27000,164850,102449
400036,N00003675,Republican,689358,775758,577200,124101,1757612,3298321,1386734,1288432,0,948644,871582,101184,608579,0,0,0,0,0,0,648002,0,0,0,1269583,1623546,111704
400038,N00025330,Republican,7000,4750,2000,13000,3000,6250,4750,3000,0,1000,9150,0,5500,0,0,0,0,0,0,8000,0,0,0,11000,2250,2000
400040,N00013873,Republican,50600,6000,11000,8500,13800,19215,23900,36700,0,34500,14100,0,9000,0,0,0,0,0,0,22300,0,0,0,24950,30050,0
400041,N00024866,Democrat,0,0,0,16500,0,13550,15540,750,0,2000,9950,0,0,0,0,0,0,0,0,10600,0,0,0,3790,46150,4000
400047,N00001619,Democrat,7000,47700,29500,10500,26525,59450,34000,18850,0,10,83100,208618,3600,0,0,0,0,0,0,28700,0,0,0,14450,103850,54599
400046,N00005883,Republican,55632,81250,75630,44600,367450,508646,182150,674316,0,91051,154000,1000,77100,0,0,0,0,0,0,75250,0,0,0,11600,82599,258608
400048,N00002713,Democrat,22200,31650,16800,2000,11000,43400,39100,25000,0,12300,63750,102000,6000,0,0,0,0,0,0,105675,0,0,0,6100,59616,11500
400050,N00003535,Democrat,21500,43350,26300,-2500,35500,387150,101300,199650,0,12600,255182,276224,74560,0,0,0,0,0,0,27200,0,0,0,81138,181547,61849
400052,N00025219,Republican,8250,16800,49250,25250,100650,97000,25000,610278,0,30348,57375,1000,24055,0,0,0,0,0,0,35500,0,0,0,20400,40599,6500
400054,N00002221,Republican,-500,2000,5000,16500,22500,49000,20000,98699,0,32000,22250,-1500,13000,0,0,0,0,0,0,7000,0,0,0,950,8500,0
400057,N00007099,Republican,89100,92525,44300,115100,111000,84150,152872,36875,0,86050,90846,16500,40382,0,0,0,0,0,0,67450,0,0,0,22250,126273,8500
400058,N00008086,Republican,59200,52500,85500,28000,181899,438710,200700,528050,0,80725,138749,4500,103700,0,0,0,0,0,0,83750,0,0,0,9100,34390,76150
400060,N00013131,Republican,136389,120999,265417,86780,307423,1722696,455329,685951,0,481924,383096,17000,496394,0,0,0,0,0,0,283622,0,0,0,237296,252090,171512
400061,N00009771,Republican,133650,335033,138250,6550,753815,1402346,593099,485309,0,909513,454487,79500,173400,0,0,0,0,0,0,286999,0,0,0,500536,654806,301078
400062,N00007232,Democrat,25200,8910,161850,19750,17550,112168,68509,438265,0,454317,101700,181296,11848,0,0,0,0,0,0,7250,0,0,0,230214,141751,264150
400063,N00000267,Democrat,7300,44550,14700,8500,24800,325250,25822,61650,0,18650,60150,122000,3000,0,0,0,0,0,0,28250,0,0,0,13400,45500,76000
400064,N00001955,Democrat,3500,35000,2000,9000,7000,155150,40746,106909,0,6500,26550,17000,15045,0,0,0,0,0,0,17700,0,0,0,6050,33650,10600
400068,N00025095,Republican,48564,85800,44500,98000,65249,122050,89773,53315,0,21142,79550,6000,14999,0,0,0,0,0,0,115250,0,0,0,38900,99400,20334
400071,N00003689,Republican,8500,38500,71550,20000,31050,149100,114550,47850,0,40818,50421,1000,71185,0,0,0,0,0,0,42000,0,0,0,48800,96800,16250
400073,N00000133,Democrat,0,500,31600,1000,7500,9150,17969,72398,0,10500,32250,11500,5000,0,0,0,0,0,0,2500,0,0,0,3750,16800,10810
400074,N00012460,Democrat,13350,4500,25990,17500,12000,129500,40500,42250,0,12500,38055,136000,6500,0,0,0,0,0,0,37925,0,0,0,9550,16580,12700
400075,N00002408,Democrat,65500,93100,164500,67250,148750,398461,161888,298360,0,42390,169142,295500,46250,0,0,0,0,0,0,120600,0,0,0,24609,84659,19492
400076,N00002247,Republican,8500,1000,12500,1000,5000,8250,5500,8000,0,0,3250,2000,2000,0,0,0,0,0,0,21000,0,0,0,3600,2500,0
400077,N00025726,Republican,61674,33800,22850,95000,155750,208900,237766,58975,0,38200,89498,11500,28998,0,0,0,0,0,0,61103,0,0,0,32450,131650,1500
400080,N00004029,Democrat,4000,0,183340,2000,16000,19400,85650,36750,0,67855,87742,161750,4500,0,0,0,0,0,0,27000,0,0,0,7600,22550,28689
400081,N00003132,Democrat,6700,29900,19000,46500,8700,166150,65500,68900,0,21500,83100,33500,16700,0,0,0,0,0,0,34100,0,0,0,44850,66000,3500
400086,N00012739,Republican,24250,47300,62500,211318,40250,276862,71000,53300,0,46500,98920,3000,46100,0,0,0,0,0,0,100932,0,0,0,38050,119507,3000
400087,N00001127,Democrat,37000,60000,210555,56189,68075,1187441,241959,322549,0,56556,265667,183300,53650,0,0,0,0,0,0,100400,0,0,0,34260,287213,58537
400089,N00009738,Republican,9064,29950,31100,53100,93550,115000,44350,18300,0,4792,32050,10500,34000,0,0,0,0,0,0,58748,0,0,0,69500,71850,20510
400090,N00001971,Democrat,22000,20250,27500,11000,50650,62950,38500,100400,0,21060,44330,273900,6500,0,0,0,0,0,0,132200,0,0,0,13650,55594,60277
400097,N00009604,Democrat,17000,7500,38600,63750,9450,51600,54100,51925,0,32171,19700,61101,4500,0,0,0,0,0,0,7500,0,0,0,50000,34200,13500
400093,N00004884,Democrat,18000,8750,24400,11000,24500,109050,69950,79950,0,17010,23750,91500,4500,0,0,0,0,0,0,22000,0,0,0,2720,34647,13114
400100,N00007781,Democrat,45185,101650,24050,5000,27750,24100,85850,19125,0,366595,63125,215000,6890,0,0,0,0,0,0,174050,0,0,0,60065,64045,70775
400101,N00006134,Democrat,38550,1000,113710,6000,18000,63000,42258,243799,0,124769,71646,101250,5500,0,0,0,0,0,0,18950,0,0,0,45000,47129,61014
400103,N00000615,Democrat,16000,19950,18510,28000,5000,61050,56095,184648,0,289911,114305,242000,18500,0,0,0,0,0,0,12850,0,0,0,44328,72842,139102
400108,N00025337,Republican,51282,57100,45350,52500,20000,126723,82896,39250,0,80532,64500,107000,23000,0,0,0,0,0,0,94000,0,0,0,3550,59030,1250
400110,N00001783,Democrat,9000,600,47300,4000,52500,20900,29000,60250,0,8600,31445,69533,10400,0,0,0,0,0,0,18200,0,0,0,8600,6100,3950
400111,N00006023,Democrat,750,18400,29650,3000,17150,90200,45750,108100,0,22110,179350,173000,4100,0,0,0,0,0,0,10250,0,0,0,116100,113900,25579
400114,N00001373,Democrat,12000,28250,110500,14200,133000,71750,37900,67750,0,10167,61932,185000,19000,0,0,0,0,0,0,35011,0,0,0,6250,48200,22800
400116,N00003209,Republican,3500,70000,5500,10000,21750,28750,16250,31800,0,4518,45650,26000,8500,0,0,0,0,0,0,150000,0,0,0,5256,36150,0
400121,N00005090,Republican,2500,0,0,0,0,0,0,-3500,0,-500,0,2000,0,0,0,0,0,0,0,0,0,0,0,0,0,0
400122,N00001003,Democrat,27500,24600,81450,45000,28000,166695,63950,219132,0,161910,82400,87000,18900,0,0,0,0,0,0,25500,0,0,0,50600,160210,75120
400124,N00007335,Democrat,1000,12550,342683,24500,33450,209022,59452,361637,0,39520,109625,57601,15500,0,0,0,0,0,0,33450,0,0,0,102250,82550,234554
400128,N00007632,Democrat,0,0,0,0,0,2600,6000,3000,0,0,4500,5000,0,0,0,0,0,0,0,2500,0,0,0,3000,29700,0
400129,N00007312,Democrat,154181,8600,11550,5500,30700,34250,60715,70320,0,36010,32450,77576,4500,0,0,0,0,0,0,62032,0,0,0,49301,62216,4551
400130,N00001746,Democrat,2000,4500,47250,43000,10500,34850,27200,42350,0,27510,76753,126160,3500,0,0,0,0,0,0,10500,0,0,0,3350,25770,249
400134,N00009573,Republican,1700,21800,48000,3750,19757,43575,25950,46900,0,10124,20000,0,12400,0,0,0,0,0,0,8700,0,0,0,38300,30200,3909
400137,N00013799,Republican,30850,75864,58580,200606,38600,177647,59100,50121,0,25098,67242,21500,31850,0,0,0,0,0,0,88300,0,0,0,100070,237987,6000
400141,N00006423,Republican,6300,14950,46850,54350,35700,44400,34767,22250,0,43670,24873,0,4000,0,0,0,0,0,0,9750,0,0,0,14901,37100,3000
400142,N00000684,Republican,3000,89435,24900,266281,75879,150707,61600,106800,0,37500,109405,3500,56650,0,0,0,0,0,0,64885,0,0,0,102200,121600,7000
400145,N00000743,Republican,3000,19150,44100,10500,60350,1170579,61040,48850,0,93173,76899,2000,11050,0,0,0,0,0,0,35730,0,0,0,71559,181605,21750
400147,N00025025,Republican,11750,38500,50600,13000,64600,251999,80550,242624,0,30037,71441,17500,32949,0,0,0,0,0,0,33400,0,0,0,38150,24800,1000
400151,N00024760,Republican,20150,62402,49428,12750,31050,205673,80350,549710,0,1203357,95574,0,58157,0,0,0,0,0,0,55550,0,0,0,193974,350125,15000
400154,N00009154,Republican,151011,38790,524945,30500,81750,212550,284463,93900,0,48817,223656,13000,47554,0,0,0,0,0,0,147700,0,0,0,80000,148697,66970
400157,N00008799,Republican,35264,47950,21550,191850,107700,221680,62260,69760,0,51750,91293,5000,52650,0,0,0,0,0,0,93100,0,0,0,76500,122730,1586
400158,N00013323,Republican,136151,122900,79350,17500,54750,114049,90950,85400,0,22072,29750,94000,50750,0,0,0,0,0,0,281200,0,0,0,8850,40400,500
400160,N00005870,Democrat,4000,23600,78250,7500,162800,53450,35650,224290,0,0,55250,158300,61800,0,0,0,0,0,0,74199,0,0,0,6200,18750,12350
400162,N00025284,Democrat,22650,5000,15950,-2000,10800,41250,53514,28400,0,38358,45592,147250,3700,0,0,0,0,0,0,5250,0,0,0,26691,29650,21824
400163,N00004874,Democrat,2000,10700,34100,0,3000,51940,16800,17000,0,10710,17250,54500,4500,0,0,0,0,0,0,1500,0,0,0,0,3599,27694
400165,N00005645,Republican,52726,17900,27600,47500,76950,108337,38350,74300,0,290309,76569,0,19000,0,0,0,0,0,0,45400,0,0,0,42050,80400,65000
400170,N00002884,Democrat,46800,5405,41000,1000,10500,88000,41400,89800,0,50765,83360,95500,0,0,0,0,0,0,0,26200,0,0,0,20910,44003,24000
400171,N00009157,Republican,57550,22750,28000,13000,88200,11800,40700,5700,0,8250,28050,0,1500,0,0,0,0,0,0,15000,0,0,0,21008,34860,500
400175,N00024922,Republican,33700,77250,64200,31000,108400,1629586,177650,85103,0,28743,173799,6000,21000,0,0,0,0,0,0,102200,0,0,0,107880,325055,1726
400179,N00006008,Democrat,26500,2000,40500,9000,22500,104010,62511,93200,0,1000,17850,74000,10000,0,0,0,0,0,0,25000,0,0,0,6700,10800,31450
400184,N00000860,Democrat,9700,12350,55930,3950,9500,186300,63942,195625,0,97938,70949,72500,25900,0,0,0,0,0,0,5350,0,0,0,383702,187300,686311
400185,N00012611,Democrat,15300,37299,175720,26050,32350,273523,170545,261780,0,734045,207579,259231,51992,0,0,0,0,0,0,41575,0,0,0,333132,620974,208686
400189,N00001821,Democrat,72880,97800,265650,123000,289750,792950,262201,523212,0,202010,259645,310015,84550,0,0,0,0,0,0,199000,0,0,0,112170,158850,128250
400194,N00002593,Republican,45250,48699,36600,16250,24350,331720,103350,201150,0,38500,105130,7000,228512,0,0,0,0,0,0,47300,0,0,0,92550,114425,500
400195,N00013345,Democrat,20500,139000,140550,100500,113750,953942,333850,332760,0,111372,186194,291500,146600,0,0,0,0,0,0,99600,0,0,0,149310,605580,33611
400196,N00007017,Republican,59575,125225,180630,54375,124700,347177,189578,166514,0,194359,125375,0,46491,0,0,0,0,0,0,83775,0,0,0,264110,247940,6000
400206,N00008028,Republican,19682,36300,32125,41313,52550,258379,59340,123950,0,13542,37150,500,23455,0,0,0,0,0,0,66100,0,0,0,54750,80136,1369
400204,N00008122,Democrat,7750,28700,22250,12000,18570,25620,52382,41300,0,21710,43452,134000,7500,0,0,0,0,0,0,93000,0,0,0,10550,63950,13200
400209,N00002299,Republican,51150,10700,4500,43900,17550,73925,37900,72400,0,689586,39250,25750,14025,0,0,0,0,0,0,37500,0,0,0,62100,55200,9200
400211,N00003522,Democrat,38500,53400,13450,58500,95200,61400,20250,33900,0,5409,56650,242850,49450,0,0,0,0,0,0,44000,0,0,0,30500,50400,38222
400218,N00004403,Democrat,35850,42000,114150,32000,81990,504227,180161,495250,0,38055,152705,73747,80950,0,0,0,0,0,0,45200,0,0,0,41200,76922,43534
400220,N00025237,Republican,221580,36476,34950,2450,55651,100120,86825,43200,0,281949,13850,58684,22000,0,0,0,0,0,0,50400,0,0,0,175960,173685,8700
400219,N00001193,Republican,3000,51700,32550,54750,14000,339464,60650,84500,0,20563,97450,135500,22675,0,0,0,0,0,0,45100,0,0,0,72130,159610,9250
400221,N00002656,Republican,636772,234269,127439,148600,149067,958099,2022160,571438,0,2686958,532175,15500,150629,0,0,0,0,0,0,242673,0,0,0,545650,1358082,50700
400222,N00012539,Republican,11610,57175,23900,24200,129250,620850,102875,183475,0,225654,91015,18500,84349,0,0,0,0,0,0,47100,0,0,0,181575,244418,189125
400224,N00004436,Republican,70251,142950,67650,65498,129600,427473,312193,393304,0,212255,130648,21000,94400,0,0,0,0,0,0,177100,0,0,0,113153,208151,12350
400230,N00009724,Democrat,850,40700,47350,136000,8600,108350,34550,116779,0,59467,82475,173150,14650,0,0,0,0,0,0,9100,0,0,0,51900,107698,31000
400232,N00009759,Democrat,27000,56250,51250,71000,54150,87000,52550,63109,0,14331,50499,155500,14000,0,0,0,0,0,0,211765,0,0,0,32406,43830,4255
400233,N00000575,Democrat,34000,24400,63880,66550,32100,584179,160030,238538,0,12410,102054,161500,50700,0,0,0,0,0,0,62200,0,0,0,39050,142550,17974
400234,N00004227,Republican,145900,39350,28777,50500,42276,104463,86258,87500,0,130276,46250,49500,31000,0,0,0,0,0,0,107100,0,0,0,11449,32036,36142
400237,N00008046,Democrat,3000,6500,35625,3500,10750,101050,98350,101325,0,72663,76950,153175,11250,0,0,0,0,0,0,6150,0,0,0,75350,148625,34662
400199,N00005818,Democrat,1000,11700,13500,4000,18000,48396,49800,82150,0,10,18650,90500,6000,0,0,0,0,0,0,12975,0,0,0,21100,56000,3500
400238,N00003950,Democrat,30000,25400,54800,52000,60500,297019,97850,209420,0,61295,100792,204250,56950,0,0,0,0,0,0,47750,0,0,0,60800,13750,37700
400240,N00002577,Democrat,13500,5250,35600,14000,10750,142900,74100,88974,0,40910,37300,141000,16500,0,0,0,0,0,0,31550,0,0,0,27300,27850,29618
400244,N00000851,Republican,26150,98550,19500,103550,98000,186901,112200,115316,0,410070,96795,343900,21300,0,0,0,0,0,0,307280,0,0,0,29200,242218,53300
400245,N00007479,Democrat,42050,7250,270800,15700,12500,184332,58910,47750,0,26810,123500,69600,6800,0,0,0,0,0,0,40850,0,0,0,90380,103700,4200
400246,N00001024,Democrat,10500,20650,77300,83000,3600,439950,114320,204700,0,159441,191425,141500,43650,0,0,0,0,0,0,47400,0,0,0,251825,256225,89128
400247,N00005559,Republican,481449,6500,30850,18600,122417,347082,111762,23750,0,25665,56679,11000,20000,0,0,0,0,0,0,23000,0,0,0,11550,43350,4000
400249,N00013855,Democrat,500,220100,26900,10750,18550,400294,98650,106251,0,750836,271820,426675,13750,0,0,0,0,0,0,54250,0,0,0,128855,557915,864663
400251,N00000078,Democrat,19000,41700,37211,12500,10650,589663,61859,60000,0,57310,95750,135850,19200,0,0,0,0,0,0,12971,0,0,0,64249,154650,12037
400253,N00000270,Democrat,36800,264598,1540319,24350,225350,2484902,849253,1168315,0,4055450,2507781,1737446,198408,0,0,0,0,0,0,227350,0,0,0,997429,1849307,1875706
400255,N00009753,Democrat,25750,18000,69590,16000,100500,150100,61500,283855,0,73700,34900,26000,13098,0,0,0,0,0,0,30500,0,0,0,3750,4175,91875
400257,N00001148,Democrat,250,5500,9750,6000,6000,113850,5450,42350,0,16010,14675,24500,550,0,0,0,0,0,0,5250,0,0,0,37105,11950,37677
400259,N00012942,Democrat,38500,6500,14250,41000,7750,59619,115450,79450,0,22337,65562,169374,32500,0,0,0,0,0,0,26100,0,0,0,67591,26087,5750
400262,N00009829,Democrat,14500,750,5200,1000,13500,62750,30350,160250,0,15783,23850,140750,6000,0,0,0,0,0,0,11450,0,0,0,35243,9425,3439
400263,N00000179,Democrat,23073,24850,18404,16250,17450,63154,63015,83100,0,40507,84100,91250,9554,0,0,0,0,0,0,52450,0,0,0,24604,52604,76238
400266,N00002356,Democrat,94352,19099,20090,46498,37500,70000,64700,43050,0,84851,40578,75000,8250,0,0,0,0,0,0,13000,0,0,0,22650,27450,67567
400267,N00006882,Republican,3750,15750,23900,165500,16850,26600,31450,20350,0,17500,27396,16000,5155,0,0,0,0,0,0,41300,0,0,0,3750,37475,6000
400271,N00001171,Democrat,14000,12000,62499,18500,23950,512733,94541,26600,0,21800,70529,51500,15000,0,0,0,0,0,0,35150,0,0,0,7425,48750,6500
400272,N00000699,Democrat,1500,72900,47250,9000,38200,273100,111689,121501,0,11000,190847,32500,17500,0,0,0,0,0,0,7450,0,0,0,73550,268250,130390
400273,N00002793,Republican,24000,66850,25200,26500,48500,78000,66050,46750,0,18275,45350,15500,11500,0,0,0,0,0,0,188400,0,0,0,20300,94699,3500
400274,N00024770,Democrat,20000,6000,7000,1000,2000,19250,1500,29250,0,6000,9500,45777,6500,0,0,0,0,0,0,12850,0,0,0,2000,2000,3491
400276,N00009795,Republican,34557,27150,22000,13000,64500,112555,59150,29350,0,38312,35589,43500,22346,0,0,0,0,0,0,164300,0,0,0,7500,93939,910
400277,N00006954,Republican,4100,49700,17477,3500,14032,137463,22366,24800,0,282127,19113,14500,8555,0,0,0,0,0,0,45400,0,0,0,4972,34788,137136
400278,N00007390,Democrat,6500,9125,11600,1000,3350,44084,31200,15350,0,15015,34797,167475,5350,0,0,0,0,0,0,9000,0,0,0,30275,23875,1900
400279,N00013846,Republican,6000,14276,16750,132100,27600,81300,34200,108700,0,28475,29734,0,4250,0,0,0,0,0,0,27950,0,0,0,24400,51479,9994
400284,N00005282,Republican,112268,21600,66000,18500,51533,220450,100200,117816,0,122900,70332,17000,20250,0,0,0,0,0,0,125600,0,0,0,40950,92275,6500
400283,N00002083,Democrat,2500,19408,63386,144229,16000,44700,31800,18000,0,24906,90610,85700,20800,0,0,0,0,0,0,50982,0,0,0,32246,46575,2000
400285,N00024992,Republican,4882,98100,58250,13500,245400,198400,89242,362693,0,72000,120624,73500,119100,0,0,0,0,0,0,72150,0,0,0,36400,177134,6000
400289,N00000939,Democrat,7500,65500,178450,0,5700,169683,82950,22950,0,36161,154194,168320,3500,0,0,0,0,0,0,50250,0,0,0,51300,115050,1499
400290,N00006789,Democrat,10500,13500,15000,6500,19750,18800,30526,9500,0,2010,34750,88326,2500,0,0,0,0,0,0,53000,0,0,0,6100,22400,11627
400291,N00000153,Democrat,15000,61500,93000,54500,66000,680965,127031,255449,0,34310,120863,54125,51000,0,0,0,0,0,0,102870,0,0,0,3250,38400,66275
400295,N00001692,Democrat,0,26050,8150,2500,8250,91300,6750,10213,0,5500,26350,161250,0,0,0,0,0,0,0,30500,0,0,0,4500,41290,4000
400297,N00007248,Republican,397646,56000,101485,64500,146849,419550,245450,284550,0,39584,92175,0,57548,0,0,0,0,0,0,69718,0,0,0,14371,108575,6500
400308,N00000781,Democrat,2500,23350,164900,6000,46838,183233,193933,704824,0,87314,243200,184000,71850,0,0,0,0,0,0,40250,0,0,0,49700,173334,4085075
400309,N00000751,Democrat,1300,102729,34400,50350,35250,282236,109021,318327,0,12260,202314,198950,36450,0,0,0,0,0,0,60550,0,0,0,34250,221430,6750
400310,N00006397,Democrat,3000,14500,18500,29000,27000,5500,23200,0,0,2010,27750,67500,4000,0,0,0,0,0,0,39000,0,0,0,6750,4450,2500
400313,N00012672,Republican,166592,82400,24500,20000,396332,327625,134157,43650,0,71438,35700,1000,40700,0,0,0,0,0,0,71250,0,0,0,137915,367934,2000
400314,N00007360,Democrat,14000,26050,216845,45000,16500,353550,150450,322600,0,220925,127750,289001,20800,0,0,0,0,0,0,48400,0,0,0,151371,47350,345627
400316,N00004558,Democrat,570400,14000,23100,8000,76250,141899,140518,44983,0,692264,50811,163500,26500,0,0,0,0,0,0,24250,0,0,0,11800,36517,4807484
400318,N00004426,Republican,5500,51000,7750,9500,6250,24000,10750,11350,0,20000,29802,54500,11750,0,0,0,0,0,0,93250,0,0,0,9200,6750,500
400320,N00001633,Republican,45000,19750,72515,14000,119250,93550,78240,595515,0,33500,56025,2000,31600,0,0,0,0,0,0,39200,0,0,0,5710,44968,4000
400325,N00003682,Republican,20500,132470,136931,35250,288100,1307329,323199,394499,0,189235,358450,4500,255549,0,0,0,0,0,0,106369,0,0,0,288880,614099,99200
400326,N00002260,Democrat,30850,16250,33700,78000,9250,45750,34394,127101,0,24851,53372,120000,27750,0,0,0,0,0,0,30500,0,0,0,62722,35650,8100
400331,N00002198,Democrat,52916,208750,50450,18500,117650,115300,112750,101050,0,2445768,229488,405437,46400,0,0,0,0,0,0,319418,0,0,0,65350,181425,3259233
400333,N00000964,Democrat,21700,17500,36950,5000,18550,259613,85129,108800,0,129025,156049,120214,24988,0,0,0,0,0,0,28850,0,0,0,79076,169381,52954
400341,N00024759,Republican,112754,94312,42000,147849,56150,136140,30600,102900,0,36250,57250,10000,25750,0,0,0,0,0,0,72800,0,0,0,26850,120692,4000
400340,N00003473,Republican,96900,75150,39500,162700,138600,91200,66950,91220,0,69480,101443,43500,53750,0,0,0,0,0,0,152050,0,0,0,20250,64850,4400
400342,N00009668,Republican,23200,13950,109390,94900,87300,157300,34100,172850,0,2566,46300,0,42950,0,0,0,0,0,0,46700,0,0,0,15500,10450,5600
400343,N00007151,Republican,1050,11550,24500,3050,23600,159132,46651,55800,0,31020,42650,0,30700,0,0,0,0,0,0,32200,0,0,0,88600,226915,11000
400344,N00002858,Republican,6500,34350,72300,27200,5500,127300,55896,62850,0,219828,56820,97500,33400,0,0,0,0,0,0,41600,0,0,0,44770,135300,18018
400347,N00006671,Democrat,16000,8750,9500,11250,16764,49000,34542,65748,0,6110,36736,148100,12150,0,0,0,0,0,0,13250,0,0,0,15150,43063,5750
400348,N00008264,Republican,6400,87750,81550,56000,130650,1000118,125563,175651,0,288191,157324,3000,61704,0,0,0,0,0,0,59370,0,0,0,227352,573548,59350
400349,N00025482,Democrat,1750,30225,99050,173000,45550,113350,35750,97050,0,5760,80525,114850,29100,0,0,0,0,0,0,70050,0,0,0,12000,112680,12225
400350,N00004887,Democrat,7500,2000,68000,1000,62000,29350,27000,35000,0,4510,23250,78500,5500,0,0,0,0,0,0,33500,0,0,0,2000,4050,9250
400352,N00025280,Democrat,10000,36150,14500,44000,102400,71000,70750,75731,0,31700,72150,200100,62150,0,0,0,0,0,0,51250,0,0,0,28000,131950,1200
400351,N00004357,Republican,97775,259310,233190,77150,413124,1628556,462685,749101,0,338782,288149,34500,299300,0,0,0,0,0,0,218311,0,0,0,848515,677864,50426
400355,N00024870,Democrat,22000,4000,56050,30250,28000,271500,92896,192626,0,33660,130526,223576,29500,0,0,0,0,0,0,38250,0,0,0,21300,52265,25225
400356,N00008274,Democrat,30400,47733,73500,100850,19600,119340,85416,118666,0,66632,148929,187700,8156,0,0,0,0,0,0,52900,0,0,0,42740,154988,249664
400357,N00000528,Independent,2550,0,1250,0,1000,4200,6720,13875,0,24728,8175,29425,0,0,0,0,0,0,0,0,0,0,0,55297,23751,7341
400360,N00004724,Democrat,2500,11175,26250,5000,8500,77725,66125,155144,0,183775,157825,146400,18700,0,0,0,0,0,0,9250,0,0,0,121101,75325,26493
400361,N00009585,Democrat,0,12750,82550,46000,2000,119250,52100,75900,0,50185,110793,113476,32450,0,0,0,0,0,0,25200,0,0,0,43700,76000,11500
400363,N00024871,Democrat,83249,14100,27200,13000,17400,405510,71250,102000,0,61210,21500,120600,1000,0,0,0,0,0,0,27900,0,0,0,10450,8800,50538
400364,N00002147,Democrat,6000,2500,33750,21000,19250,63300,42500,30650,0,6200,50750,133750,4000,0,0,0,0,0,0,14000,0,0,0,17950,21300,2500
400365,N00004291,Republican,1500,10500,83250,4000,11500,50300,17881,22350,0,16018,39830,2000,18144,0,0,0,0,0,0,17750,0,0,0,28948,20470,450
400366,N00001813,Democrat,8500,0,6500,6000,0,24000,16800,1500,0,18010,10932,80500,0,0,0,0,0,0,0,4000,0,0,0,500,3500,11931
400367,N00005681,Republican,68632,67100,130850,49000,186950,941809,216299,393052,0,117202,141345,8500,56505,0,0,0,0,0,0,172350,0,0,0,83600,169950,390679
400371,N00006897,Democrat,18675,22550,98550,29000,4000,373960,70256,106650,0,114660,71625,180001,31750,0,0,0,0,0,0,18630,0,0,0,59398,134425,20132
400373,N00004961,Republican,132401,61000,129000,23500,345700,154450,113585,421006,0,31000,122250,64000,123555,0,0,0,0,0,0,109090,0,0,0,9340,51623,10500
400376,N00006263,Republican,306592,135999,78550,84300,345637,558918,712750,625256,0,1959390,174346,33250,64924,0,0,0,0,0,0,52500,0,0,0,46450,155352,85250
400378,N00001311,Democrat,22250,21450,31100,81200,14500,104705,41510,77400,0,36065,49296,247500,35400,0,0,0,0,0,0,5000,0,0,0,44150,65607,93331
400380,N00009816,Republican,0,9900,12450,2000,7000,27750,13250,34375,0,47774,29900,77000,6100,0,0,0,0,0,0,1500,0,0,0,25100,30250,18500
400381,N00001811,Republican,40932,92950,174140,72998,116050,219163,112300,98450,0,19492,89950,5000,33550,0,0,0,0,0,0,120050,0,0,0,83000,87670,7410
400379,N00007833,Democrat,11250,21550,101400,213200,22099,114350,58198,66811,0,38155,95378,119000,26000,0,0,0,0,0,0,73100,0,0,0,19079,49254,9627
400400,N00005321,Republican,99092,125850,268518,34250,268607,369541,237290,257428,0,857469,221825,57000,66250,0,0,0,0,0,0,212350,0,0,0,97322,177403,1057373
400403,N00007419,Democrat,77668,18800,49500,49000,78749,348874,318641,325525,0,43698,82250,101816,16500,0,0,0,0,0,0,22275,0,0,0,45695,120587,4508
400402,N00003288,Democrat,73500,31500,83750,78500,66500,96700,98458,85000,0,7300,80919,221000,23500,0,0,0,0,0,0,127250,0,0,0,29100,70861,24229
400404,N00006052,Republican,173482,36000,82265,329350,125200,150625,68875,58375,0,59281,103110,2500,28000,0,0,0,0,0,0,60783,0,0,0,122450,137700,6000
400406,N00009699,Republican,61050,173925,93400,57200,195450,975978,283075,352850,0,47585,214082,73000,160155,0,0,0,0,0,0,174172,0,0,0,78915,248242,14213
400407,N00000226,Democrat,5450,32850,40021,30500,11550,119025,73893,122725,0,254022,200321,238500,20698,0,0,0,0,0,0,18089,0,0,0,126881,123445,274435
400408,N00001489,Republican,44950,178749,123100,24000,316300,1207434,318812,497105,0,290659,374685,17000,193016,0,0,0,0,0,0,134100,0,0,0,227723,731396,33609
400411,N00025175,Republican,6750,62850,34779,170675,38000,137225,86678,62150,0,35317,36750,69500,51450,0,0,0,0,0,0,26100,0,0,0,42200,156730,7475
400412,N00008051,Democrat,156849,163625,825456,149856,507531,1602496,811486,1083572,0,23712672,1751238,664489,106158,0,0,0,0,0,0,217900,0,0,0,1929706,1199264,9914363
400413,N00006561,Democrat,108125,95400,315519,53650,289300,632823,435243,350806,0,886803,740236,205000,84283,0,0,0,0,0,0,87143,0,0,0,465837,649393,576922
400414,N00004133,Republican,118980,73700,422998,43500,570500,267218,252414,916245,0,2466321,284636,47500,146068,0,0,0,0,0,0,176794,0,0,0,134640,168972,92100
400415,N00013820,Democrat,6250,14500,73072,49500,15250,228600,51700,165950,0,31110,115868,155500,13000,0,0,0,0,0,0,65150,0,0,0,90700,80600,4798
400416,N00001102,Democrat,31200,65750,28200,4000,4500,164650,52250,46500,0,61176,82900,44500,5000,0,0,0,0,0,0,6500,0,0,0,12250,111100,170000
400417,N00003813,Democrat,1000,45000,14000,152550,71450,44900,23850,59050,0,7000,80594,179792,89200,0,0,0,0,0,0,45000,0,0,0,16600,73738,12154
400418,N00009659,Republican,22500,97850,7500,12000,236400,56200,25600,28500,0,87677,76300,14500,67900,0,0,0,0,0,0,66100,0,0,0,33145,118850,2000
400419,N00007690,Republican,258309,85874,488107,46500,264800,471882,261556,426748,0,115601,190476,48500,59499,0,0,0,0,0,0,153791,0,0,0,136187,207576,89850
400422,N00006690,Democrat,500,4250,25100,13000,13400,433232,53950,22550,0,48760,62000,81250,9000,0,0,0,0,0,0,20853,0,0,0,22250,69725,78897
400424,N00002328,Democrat,1000,0,-1000,0,0,5000,0,0,0,0,0,0,0,0,0,0,0,0,0,0,0,0,0,0,1000,0
400425,N00001861,Democrat,8000,8700,163050,11000,21700,60950,24100,182850,0,63130,67272,58500,1000,0,0,0,0,0,0,1000,0,0,0,16900,55350,21300
400431,N00003467,Republican,122300,48100,81000,27500,457550,98500,101285,341400,0,40700,114551,24000,75600,0,0,0,0,0,0,117700,0,0,0,14050,89801,19524
400432,N00003280,Republican,7353,-1500,45000,2500,-5000,11000,5750,0,0,2500,10000,1000,0,0,0,0,0,0,0,17000,0,0,0,1750,4050,0
400433,N00024809,Republican,18750,60208,22000,146250,66550,129416,78450,91351,0,36935,58676,6000,45150,0,0,0,0,0,0,65950,0,0,0,42728,122331,7000
400435,N00002073,Republican,2600,12000,13500,24000,4000,10050,5750,1900,0,200,20500,25500,1500,0,0,0,0,0,0,17300,0,0,0,18000,7650,200
400439,N00001817,Republican,0,5500,3000,46500,0,10000,0,12350,0,1000,18598,0,9000,0,0,0,0,0,0,10500,0,0,0,1250,5150,-2000
400440,N00007999,Republican,10350,50750,34690,9000,84000,48688,137900,15750,0,24061,80663,79500,4000,0,0,0,0,0,0,52150,0,0,0,18400,52026,1000
400441,N00026043,Republican,167932,57400,22000,17000,125450,843613,43210,44500,0,13792,61950,1000,13155,0,0,0,0,0,0,46150,0,0,0,32600,124599,5000
300002,N00009888,Republican,168000,239617,203450,109950,417693,993962,487864,1076959,0,1245997,346370,7000,146210,0,0,0,0,0,0,298283,0,0,0,267865,702700,333022
300005,N00004643,Democrat,15517,7750,97772,4000,94950,308303,49900,124737,0,62899,115217,21750,11250,0,0,0,0,0,0,25900,0,0,0,14404,-35985,22800
300011,N00006692,Democrat,0,21750,32600,0,4250,24000,22475,19000,0,11147,30192,21000,4000,0,0,0,0,0,0,28750,0,0,0,20200,27075,102111
300018,N00007836,Democrat,6000,2000,3000,1250,15650,30800,62550,-25,0,22550,54940,-11000,400,0,0,0,0,0,0,6250,0,0,0,47350,54688,28120
300019,N00012508,Democrat,3400,9990,28780,7160,23160,129120,29070,51530,0,3000,30393,16830,28350,0,0,0,0,0,0,7170,0,0,0,31920,39687,500
300021,N00002685,Republican,-9000,-13300,5000,-1000,-6800,-40020,-30250,-16960,0,0,-8200,0,-2000,0,0,0,0,0,0,4700,0,0,0,-21350,-27290,0
300023,N00003328,Republican,894829,265167,211950,395100,441056,1522484,1093903,561705,0,4801694,457826,42000,70592,0,0,0,0,0,0,276527,0,0,0,216542,643781,405222
300025,N00000491,Republican,79503,159000,237050,121800,164463,974086,347637,516460,0,1548906,510375,89600,134750,0,0,0,0,0,0,221283,0,0,0,457900,524843,73551
300027,N00024852,Republican,317923,411375,487141,154150,1261206,2401684,755210,1436071,0,707318,696980,5000,313733,0,0,0,0,0,0,436420,0,0,0,525767,1153940,438211
300030,N00006267,Republican,38000,5500,4500,7599,24500,374000,27250,75700,0,154500,60700,0,14000,0,0,0,0,0,0,8000,0,0,0,8300,45850,5000
300038,N00004981,Democrat,69850,132480,252899,309899,126500,705916,417644,490327,0,1217778,1114672,206150,78300,0,0,0,0,0,0,206238,0,0,0,376460,654407,803414
300041,N00006249,Republican,92800,93950,122800,43500,313783,525744,273937,421225,0,393047,149479,15000,71750,0,0,0,0,0,0,123000,0,0,0,86184,130025,28410
300043,N00007364,Democrat,7000,2250,34000,2000,8100,11500,12250,20300,0,-100,37250,2500,15750,0,0,0,0,0,0,3500,0,0,0,3300,4950,28050
300047,N00009975,Republican,195882,271930,256706,199393,293891,1651604,618250,414697,0,1237529,732663,11500,266279,0,0,0,0,0,0,340651,0,0,0,617423,1020788,53290
300048,N00001758,Republican,51500,7000,60600,4000,73000,54100,27650,82100,0,12500,77088,-1500,19500,0,0,0,0,0,0,32000,0,0,0,3750,14800,0
300051,N00004207,Democrat,3500,4500,0,0,2000,3250,2000,-2000,0,1000,5000,10500,0,0,0,0,0,0,0,0,0,0,0,-3250,0,-2000
300052,N00009869,Republican,25000,-1330,62581,3500,51800,175100,22830,103650,0,1467,37289,1000,25900,0,0,0,0,0,0,9600,0,0,0,15600,7417,2000
300055,N00005582,Republican,101540,176460,90250,154599,503425,310153,133128,112653,0,294740,155755,17000,79000,0,0,0,0,0,0,216525,0,0,0,213150,291328,1000
300058,N00010084,Democrat,0,2000,1000,-1000,-3000,-27260,0,3500,0,0,0,1000,0,0,0,0,0,0,0,1000,0,0,0,0,0,-510
300060,N00000245,Democrat,0,-5800,-38300,-7000,-2100,-100250,-16400,-54500,0,0,-73500,-4900,-5900,0,0,0,0,0,0,-7800,0,0,0,-27500,-28300,0
300063,N00005395,Democrat,282245,340667,488053,142550,1365375,1344678,603321,685357,0,12307666,1693069,431781,207882,0,0,0,0,0,0,431623,0,0,0,959799,1776543,2829511
300064,N00000659,Democrat,0,0,0,0,0,0,-816,-6000,0,0,-4600,-2000,0,0,0,0,0,0,0,-6000,0,0,0,-2500,-2850,0
300065,N00009918,Democrat,15950,3000,145150,10000,3000,41350,29550,5700,0,15700,120564,9750,1000,0,0,0,0,0,0,5100,0,0,0,15650,48100,34109
300066,N00001691,Democrat,0,0,0,0,0,0,0,0,0,510,0,-10000,0,0,0,0,0,0,0,0,0,0,0,0,0,1000
300071,N00006424,Republican,6000,21650,74489,20500,94650,358800,135650,37150,0,32300,104127,0,45450,0,0,0,0,0,0,63300,0,0,0,76874,128402,2500
300072,N00003389,Republican,613970,456825,645402,185550,1235642,6233434,2356903,1977900,0,9715299,1059641,608859,433380,0,0,0,0,0,0,749308,0,0,0,1083333,2400048,3998503
300073,N00001945,Democrat,26600,26700,28200,150400,24900,35100,18700,209160,0,21000,96053,64500,17500,0,0,0,0,0,0,56100,0,0,0,14500,28500,49800
300075,N00026050,Republican,5900,23300,13350,5500,313596,52950,95250,32600,0,71770,85304,12500,72200,0,0,0,0,0,0,63800,0,0,0,30100,91950,2000
300076,N00007876,Democrat,55750,57562,181499,42375,85250,189773,159691,325663,0,61150,187465,84375,28400,0,0,0,0,0,0,108300,0,0,0,189782,268759,75043
300078,N00009926,Democrat,1000,1250,58550,14528,500,39350,16000,47382,0,4395,19400,19125,2000,0,0,0,0,0,0,59500,0,0,0,14700,45900,17600
300080,N00013823,Democrat,365616,176700,697550,87501,376469,886403,729354,1010085,0,12229495,1597594,329934,188100,0,0,0,0,0,0,409750,0,0,0,468824,1179345,4308028
300081,N00000362,Democrat,10850,95850,122699,229750,30700,742277,216463,214450,0,374855,594267,164500,37800,0,0,0,0,0,0,61500,0,0,0,126254,277493,224995
300082,N00009922,Democrat,19900,20200,238300,85400,114000,410584,346581,707450,0,32000,411222,38661,24908,0,0,0,0,0,0,120050,0,0,0,70258,178667,29370
300083,N00005285,Republican,466367,334242,238024,56750,517938,1895260,532425,1281032,0,7811515,408097,8000,309495,0,0,0,0,0,0,301225,0,0,0,287417,466537,564706
300084,N00001685,Democrat,0,0,-4000,2500,3500,-21400,-1100,-1000,0,0,-10000,125,-2000,0,0,0,0,0,0,-19575,0,0,0,-6600,-22200,0
300087,N00001093,Democrat,56650,114050,216450,48800,50250,1689091,315298,571368,0,53900,526348,33500,88650,0,0,0,0,0,0,69600,0,0,0,153950,682821,64142
300088,N00003062,Republican,67272,87850,71350,156500,149250,185150,99400,84700,0,130042,78969,0,43000,0,0,0,0,0,0,96900,0,0,0,34500,59850,3000
300089,N00009920,Republican,16103,3000,8500,78700,25000,135600,13450,20500,0,48000,19600,9000,16500,0,0,0,0,0,0,12500,0,0,0,4000,11850,1000
300093,N00004118,Democrat,131882,15000,6550,0,27500,101700,38250,129175,0,2000,42449,19017,34957,0,0,0,0,0,0,11650,0,0,0,28150,55197,17365
300100,N00007724,Democrat,54250,60900,108350,19500,309730,584950,174807,669440,0,28700,403233,57000,130450,0,0,0,0,0,0,109299,0,0,0,29800,164475,22694
400546,N00004572,Republican,117911,44120,151948,13500,78400,304124,112742,125974,0,160761,134303,18500,53750,0,0,0,0,0,0,224747,0,0,0,180244,127345,2500
400576,N00005601,Republican,0,0,0,0,-750,-6000,0,-1000,0,0,0,0,0,0,0,0,0,0,0,0,0,0,0,0,0,0
400606,N00006446,Republican,8200,28400,54100,39050,76050,92250,76350,130100,0,97720,70311,1000,14450,0,0,0,0,0,0,55467,0,0,0,34950,69429,12506
400607,N00002424,Republican,58200,71050,39950,7000,24600,430710,138059,61850,0,595930,54300,0,110600,0,0,0,0,0,0,110749,0,0,0,150050,217615,571118
400616,N00027035,Democrat,50750,4000,115254,26500,57250,60766,77547,162216,0,9010,55686,63000,26250,0,0,0,0,0,0,58000,0,0,0,22264,36598,36680
400618,N00026341,Democrat,427450,62035,37600,4000,153499,105796,149250,65776,0,55986,72000,97326,21500,0,0,0,0,0,0,32850,0,0,0,32335,148380,22400
400623,N00026106,Democrat,28450,49850,50525,1000,15500,219135,131000,114426,0,55310,194525,-8500,14908,0,0,0,0,0,0,45800,0,0,0,205790,157446,112762
400626,N00026160,Republican,17901,65776,76725,39000,57250,516095,153950,736598,0,24943,64524,0,44100,0,0,0,0,0,0,51300,0,0,0,120250,186557,2000
400627,N00026163,Republican,26100,56700,30750,37500,35550,338790,111500,38100,0,-16400,37665,20000,39905,0,0,0,0,0,0,57749,0,0,0,37600,109200,-5000
400628,N00026080,Democrat,142650,40300,203020,49500,284450,397794,209225,605953,0,1311405,481286,174500,87500,0,0,0,0,0,0,130100,0,0,0,138647,161192,3298399
400629,N00009638,Democrat,-1316,-9047,-40046,-140,-2020,-54752,-24248,-97287,0,111575,-42687,961126,-3867,0,0,0,0,0,0,-9135,0,0,0,-124011,-789965,1032651
400630,N00027239,Democrat,12500,94950,11590,12000,14500,37600,111949,22800,0,36139,53430,157500,24500,0,0,0,0,0,0,158380,0,0,0,5300,83916,15000
400636,N00026595,Republican,101910,73150,65850,48800,283050,411759,158625,425251,0,44475,109697,5000,64499,0,0,0,0,0,0,100349,0,0,0,52492,250810,12800
400639,N00026790,Democrat,18000,35350,42210,25500,16250,236700,40950,52050,0,42620,95900,190966,16100,0,0,0,0,0,0,18250,0,0,0,34750,47860,24000
400640,N00026631,Republican,61900,15500,23900,34750,19300,157113,52162,84272,0,35800,37450,4500,18950,0,0,0,0,0,0,31998,0,0,0,29750,91837,2000
400641,N00027060,Democrat,0,26700,10600,20500,11000,84700,45060,67200,0,5560,94423,156000,29500,0,0,0,0,0,0,10600,0,0,0,21700,174946,3000
400643,N00026166,Republican,61350,40900,38150,3000,28200,133710,108650,201535,0,62851,70501,0,53350,0,0,0,0,0,0,62921,0,0,0,145800,149575,6200
400644,N00026627,Republican,46400,23100,59336,19500,47800,829200,125350,125000,0,31707,108542,3000,76005,0,0,0,0,0,0,51800,0,0,0,18150,127810,1500
400646,N00027229,Republican,10150,160095,91100,38160,84100,785749,162969,182714,0,893451,167258,63500,88750,0,0,0,0,0,0,69959,0,0,0,121987,452534,91930
400647,N00001579,Democrat,2600,11500,20500,0,8500,88450,21450,131799,0,10500,72053,57000,20100,0,0,0,0,0,0,1000,0,0,0,30551,29310,6500
400648,N00026171,Republican,32742,89965,56250,31500,142049,176556,92111,288017,0,223998,94890,45500,143899,0,0,0,0,0,0,99200,0,0,0,112065,146475,84078
400651,N00026148,Republican,33664,25750,27550,4000,57250,122938,48350,70350,0,92881,18550,0,7250,0,0,0,0,0,0,18100,0,0,0,78000,114250,3841
400652,N00026457,Republican,35514,88550,56600,15000,99100,111580,77950,75779,0,11492,54144,15000,14100,0,0,0,0,0,0,57850,0,0,0,29450,121592,2000
400653,N00026686,Democrat,2000,16350,11600,2000,10000,95825,12200,11200,0,3010,96518,87000,5100,0,0,0,0,0,0,10050,0,0,0,22350,109208,5600
400654,N00026460,Republican,46914,44450,116051,124250,141150,284384,152466,51091,0,27242,104831,16000,66561,0,0,0,0,0,0,155263,0,0,0,79850,135726,2810
400655,N00026041,Republican,570332,40550,34780,67500,305036,312000,107510,67650,0,37840,84363,3000,21800,0,0,0,0,0,0,43249,0,0,0,65700,186305,6500
400656,N00026710,Republican,35814,27500,24500,29500,81815,302102,66000,44000,0,8642,26950,2000,22700,0,0,0,0,0,0,55498,0,0,0,3050,15518,6447
400657,N00024978,Democrat,106564,93750,53450,61750,178950,133150,188200,122350,0,25100,72608,50500,24750,0,0,0,0,0,0,92075,0,0,0,25950,207845,22603
400659,N00026314,Republican,179632,83460,154000,50500,184040,460038,235290,327238,0,133737,106845,4000,46399,0,0,0,0,0,0,126300,0,0,0,116061,182470,68144
400660,N00026885,Republican,47274,78200,50800,49550,39400,258439,119149,121500,0,57150,37750,57500,30999,0,0,0,0,0,0,62758,0,0,0,114613,87846,236
400661,N00026914,Democrat,3500,10250,12000,18100,14350,425600,71550,42300,0,73341,33804,152257,5000,0,0,0,0,0,0,14250,0,0,0,30000,23675,36629
400663,N00027459,Democrat,36700,16000,189260,24000,63499,90700,62273,192550,0,10210,112193,109076,18500,0,0,0,0,0,0,17000,0,0,0,27345,50250,9464
402675,N00003845,Republican,9600,13500,48500,32500,72600,138800,58850,90750,0,73600,68300,6500,37350,0,0,0,0,0,0,77500,0,0,0,11000,57600,5500
408211,N00021207,Democrat,62600,28200,15250,2000,37609,129698,84305,48050,0,1820677,116212,297624,13350,0,0,0,0,0,0,73705,0,0,0,140075,123915,3685839
409888,N00013770,Republican,96650,604251,96250,106750,400788,266390,196382,80620,0,196197,316160,170000,123140,0,0,0,0,0,0,788118,0,0,0,49025,525614,8000
410396,N00005918,Republican,9000,39900,9500,9000,24950,30750,28200,17200,0,1167651,24050,2500,7600,0,0,0,0,0,0,11250,0,0,0,3000,56460,30416
412011,N00027565,Republican,0,3900,9100,3000,2000,116600,6802,5804,0,1000,4850,0,2000,0,0,0,0,0,0,8600,0,0,0,6250,22650,0
412186,N00027523,Democrat,13000,29600,43500,3500,12000,71833,32850,34600,0,35490,52510,130600,1500,0,0,0,0,0,0,52300,0,0,0,50800,86988,19450
412189,N00026926,Democrat,5350,33500,94600,8250,62981,112736,50395,111740,0,54267,93273,191576,12250,0,0,0,0,0,0,10000,0,0,0,155404,110730,16328
412190,N00028152,Republican,419100,202400,366693,77050,535260,1528694,565932,674379,0,225785,305050,18370,108000,0,0,0,0,0,0,231050,0,0,0,139350,565175,380925
412191,N00028133,Republican,25500,11500,15000,81500,81850,65000,15000,25726,0,71053,12750,0,1250,0,0,0,0,0,0,18000,0,0,0,23900,21223,0
412192,N00027510,Democrat,41100,45200,55822,46200,61400,717060,88691,102750,0,45210,183359,183822,28500,0,0,0,0,0,0,33200,0,0,0,103788,125784,17800
412193,N00024842,Democrat,63200,23000,23000,152400,25750,155000,70925,154679,0,25165,107087,238000,8500,0,0,0,0,0,0,30700,0,0,0,60900,85261,38049
412194,N00027566,Democrat,4500,9000,24426,1000,10500,146250,44150,59174,0,11597,36600,7311,32000,0,0,0,0,0,0,14847,0,0,0,67050,51313,1373
412195,N00027514,Democrat,24350,19500,74500,12000,10500,60200,41750,112741,0,14960,50943,79500,8000,0,0,0,0,0,0,28500,0,0,0,24300,72747,3510
412196,N00027626,Republican,41600,81352,54090,4000,16000,285700,237803,422674,0,18672,66750,2500,43049,0,0,0,0,0,0,93850,0,0,0,131525,195700,5472
412199,N00027848,Democrat,21000,4000,74600,24500,9500,77100,56350,42250,0,46260,51573,149500,8000,0,0,0,0,0,0,13000,0,0,0,11900,15550,27844
412200,N00028139,Democrat,1000,8250,25000,4500,7250,33600,36250,18250,0,26200,110600,25815,4500,0,0,0,0,0,0,33750,0,0,0,19850,50120,178634
412202,N00004719,Republican,77939,102250,141660,51800,164050,867400,308867,491607,0,111050,149994,80000,149955,0,0,0,0,0,0,127200,0,0,0,123652,271725,31343
412205,N00026586,Democrat,86100,34650,14601,16000,44950,130650,70850,115250,0,7001,151653,39000,49586,0,0,0,0,0,0,37467,0,0,0,23820,109332,23519
412208,N00027464,Democrat,168065,51950,202734,15500,75325,299050,143012,1230349,0,12931446,1728690,621807,26200,0,0,0,0,0,0,50400,0,0,0,318307,385811,8324849
412209,N00027741,Democrat,48250,38400,23150,63000,32000,142364,45250,207339,0,208693,80250,238667,23000,0,0,0,0,0,0,28350,0,0,0,115100,84652,1342218
412211,N00028073,Democrat,21700,8750,52290,6000,20500,70600,84944,86500,0,31147,37850,169250,29500,0,0,0,0,0,0,37500,0,0,0,72000,40454,3850
412212,N00027751,Democrat,1200,21050,18100,5000,8000,141600,46700,107555,0,3760,100264,-9000,17400,0,0,0,0,0,0,1950,0,0,0,145050,80750,2072
412213,N00026368,Republican,48517,76700,36200,7000,129250,190640,159756,110150,0,286197,55520,0,134601,0,0,0,0,0,0,131074,0,0,0,80175,157942,50169
412214,N00027467,Democrat,113150,24250,29550,1000,36750,103750,91700,133605,0,55779,124930,207674,25900,0,0,0,0,0,0,42800,0,0,0,193383,80440,15621
412215,N00028257,Democrat,16475,22300,32150,1750,5250,160050,69183,179216,0,62870,83330,168874,11236,0,0,0,0,0,0,8500,0,0,0,85116,207121,45646
412216,N00027493,Republican,6800,7380,4750,2300,11400,26052,11182,6826,0,20176,2451,0,2750,0,0,0,0,0,0,1751,0,0,0,85617,13778,500
412217,N00027623,Republican,146650,24650,35750,26000,53500,286650,94019,100100,0,22189,36850,0,21999,0,0,0,0,0,0,50930,0,0,0,11600,58300,0
412218,N00027522,Republican,8000,15200,59200,8500,33388,195350,105900,57300,0,26950,65350,0,4050,0,0,0,0,0,0,32550,0,0,0,8550,71300,2000
412219,N00028091,Democrat,8700,750,45072,0,7250,63950,34934,63149,0,2396290,21400,221120,2250,0,0,0,0,0,0,5500,0,0,0,159662,25950,3403329
412221,N00026961,Democrat,7500,12500,51450,32000,3000,70305,32760,33040,0,23010,20950,142215,9000,0,0,0,0,0,0,20600,0,0,0,16865,69720,9000
412223,N00027658,Democrat,2250,0,41550,14000,17500,139300,39333,55950,0,500,103292,13000,11750,0,0,0,0,0,0,12500,0,0,0,35233,33536,113171
412226,N00027894,Republican,51608,39350,58455,10250,62050,114550,61400,41429,0,35916,31950,0,63800,0,0,0,0,0,0,45350,0,0,0,24600,138500,500
412236,N00003225,Democrat,22000,6600,61000,250,2500,70382,49700,43950,0,48748,50050,158000,13300,0,0,0,0,0,0,75500,0,0,0,32350,61409,13600
412239,N00000515,Democrat,48500,32705,125850,22000,74650,116460,104394,160250,0,29460,57105,111500,34750,0,0,0,0,0,0,20500,0,0,0,56226,83019,17338
412242,N00027500,Democrat,57850,10600,48650,5500,40500,99450,56850,104150,0,26894,73700,21624,19500,0,0,0,0,0,0,46050,0,0,0,90950,60250,16236
412243,N00027694,Democrat,8400,7200,30950,1000,13000,42250,23800,34050,0,7000,82048,12359,11000,0,0,0,0,0,0,46900,0,0,0,36630,27650,12594
412244,N00027605,Democrat,18100,1250,29100,3100,17500,332750,68500,40000,0,9350,74193,10403,3708,0,0,0,0,0,0,29750,0,0,0,16075,32658,30391
412246,N00027503,Democrat,15500,15600,32100,4500,54050,166450,47000,143999,0,3500,196773,39019,25350,0,0,0,0,0,0,32000,0,0,0,15500,82200,15378
412247,N00027533,Democrat,0,1000,31450,500,2250,43650,5800,47170,0,10350,31600,16950,3000,0,0,0,0,0,0,5250,0,0,0,20220,24310,9427
412248,N00027441,Republican,2250,15260,750,620,5682,80740,25720,31548,0,5620,21420,2000,7910,0,0,0,0,0,0,12770,0,0,0,38650,60678,0
412250,N00027462,Republican,13000,15750,62750,21300,68500,134147,86191,310316,0,21450,59235,2000,37700,0,0,0,0,0,0,59950,0,0,0,25365,87592,2800
412251,N00006236,Republican,28300,41900,29100,5000,147525,68300,41550,200200,0,19500,60385,7000,34625,0,0,0,0,0,0,25650,0,0,0,12900,44250,1000
412252,N00028986,Republican,35199,34376,21250,1000,47050,154813,77001,89806,0,177142,28700,1000,33800,0,0,0,0,0,0,28900,0,0,0,160402,165762,6700
412254,N00029026,Democrat,0,39200,36900,73750,6000,135300,72200,84800,0,63517,106000,98819,37350,0,0,0,0,0,0,2750,0,0,0,97300,168900,248882
412255,N00029459,Republican,45850,43350,32100,221536,36650,117016,66200,70225,0,30039,36393,50500,8500,0,0,0,0,0,0,75150,0,0,0,101050,137274,9138
412256,N00012233,Republican,57950,42150,168300,10000,159975,97758,64317,140077,0,22475,45520,0,57600,0,0,0,0,0,0,50200,0,0,0,59100,121825,4000
412257,N00029139,Democrat,24691,14500,78840,21300,48150,461888,67301,310100,0,240761,172759,187650,29204,0,0,0,0,0,0,12750,0,0,0,262832,179979,420809
412258,N00029513,Democrat,9750,41150,26900,64750,15500,105200,43684,152930,0,45582,105371,183900,5250,0,0,0,0,0,0,92921,0,0,0,31500,116674,103010
412259,N00029649,Democrat,0,3100,36680,20000,10750,149970,77757,198161,0,36410,66100,99250,8250,0,0,0,0,0,0,36971,0,0,0,104715,167880,7356
412261,N00009660,Republican,83150,140000,258900,47500,414524,434500,189494,318025,0,69568,147900,29500,53255,0,0,0,0,0,0,262449,0,0,0,16878,92400,5500
412263,N00028249,Democrat,4500,13400,12400,23700,8000,36150,29800,17450,0,41610,30900,182500,3500,0,0,0,0,0,0,97000,0,0,0,36950,10800,89749
412269,N00030245,Republican,246200,452025,222425,4600,863653,1705268,923837,1788035,0,8216193,297485,331161,212150,0,0,0,0,0,0,427140,0,0,0,962716,1927637,6733163
412270,N00028958,Republican,15350,15000,133288,30000,62600,150593,126400,112264,0,35747,72146,15500,29499,0,0,0,0,0,0,44098,0,0,0,10600,106704,17500
412271,N00024753,Republican,74398,135038,153437,97800,469986,690546,679170,302150,0,2737131,157791,95099,46050,0,0,0,0,0,0,130614,0,0,0,560047,378683,2067349
412272,N00029891,Democrat,22000,81050,186621,142980,24400,181200,114673,100350,0,78031,112367,249300,19000,0,0,0,0,0,0,45200,0,0,0,116703,163947,77730
412275,N00029679,Republican,74750,64477,25400,37500,206350,171721,79452,270237,0,61869,36900,0,6500,0,0,0,0,0,0,65900,0,0,0,57000,239775,2937
412276,N00028418,Democrat,17000,5600,54677,8500,2500,76617,36250,59999,0,61529,51050,186000,7250,0,0,0,0,0,0,5650,0,0,0,115632,90453,180386
412278,N00029675,Republican,89865,86549,152450,32500,135200,188400,150148,502532,0,17187,77700,13000,46905,0,0,0,0,0,0,76300,0,0,0,68395,123675,1500
412280,N00029632,Republican,72300,64000,66000,52000,191100,164950,73550,148168,0,23000,76650,0,33300,0,0,0,0,0,0,72050,0,0,0,47150,172225,3275
412281,N00029835,Democrat,8000,4500,25000,8500,59850,30100,65450,71550,0,21994,119455,2000,2500,0,0,0,0,0,0,7500,0,0,0,48400,63775,131187
412282,N00029070,Democrat,6200,25150,70250,29000,29000,1151119,154147,147550,0,36510,150536,100250,58300,0,0,0,0,0,0,30500,0,0,0,240720,339774,86074
412283,N00029258,Republican,35500,56600,55300,191865,64900,98700,81550,57050,0,41150,64014,59000,41500,0,0,0,0,0,0,244550,0,0,0,16700,82650,9000
412284,N00029077,Republican,104150,132550,72800,45000,194401,554513,219244,335451,0,406828,112350,2500,82849,0,0,0,0,0,0,182348,0,0,0,58800,171735,35417
412286,N00029260,Democrat,44000,26050,43760,7950,61703,157033,116861,181524,0,1534231,183815,311700,5700,0,0,0,0,0,0,80569,0,0,0,266694,125792,4555984
412290,N00000898,Republican,9015,19100,79450,3000,60998,121020,76750,270122,0,69975,66400,45600,23000,0,0,0,0,0,0,19250,0,0,0,47310,142760,8500
412292,N00030026,Republican,107698,35750,38350,16250,51998,532081,93298,62700,0,39339,51850,0,48350,0,0,0,0,0,0,49848,0,0,0,52240,63488,500
412293,N00029562,Democrat,17750,24350,165607,25000,98350,93850,188550,138928,0,55608,98548,130500,14850,0,0,0,0,0,0,55700,0,0,0,50050,39020,119824
412294,N00029788,Republican,42250,5000,10250,6000,133800,46600,29000,17600,0,32448,17000,0,18000,0,0,0,0,0,0,17250,0,0,0,11851,15275,1200
412295,N00006863,Republican,56175,43025,40650,9745,76550,138924,61900,31800,0,155536,13801,0,1500,0,0,0,0,0,0,16850,0,0,0,171286,104025,15350
412297,N00027891,Democrat,23750,30450,99675,112350,50700,420757,101359,426291,0,329722,290155,285500,27150,0,0,0,0,0,0,25000,0,0,0,92125,201150,1968820
412302,N00029285,Republican,16264,49950,64500,31000,319699,174400,87523,200150,0,16542,75360,1000,79599,0,0,0,0,0,0,86848,0,0,0,47450,198150,3475
412303,N00029391,Republican,89150,107100,115100,33250,74650,743504,266208,521489,0,123292,154729,4000,172398,0,0,0,0,0,0,140150,0,0,0,241435,295450,8000
412305,N00029277,Democrat,84900,85100,221070,38950,137550,2337721,427437,734415,0,11799343,952749,875067,161074,0,0,0,0,0,0,144650,0,0,0,537756,1043554,1550207
412306,N00029168,Democrat,1000,16600,20250,0,6100,66650,60623,38050,0,7000,100500,1500,6000,0,0,0,0,0,0,8000,0,0,0,26500,203502,14012
412307,N00013817,Democrat,7500,8200,16450,8500,3500,45699,31300,23058,0,37067,14498,42639,0,0,0,0,0,0,0,1500,0,0,0,45872,34850,109133
412308,N00029127,Democrat,5000,1250,53298,500,6200,166930,57266,37880,0,42722,48550,500,10400,0,0,0,0,0,0,5100,0,0,0,111800,146503,870415
412309,N00029662,Republican,67662,44200,12850,79600,24600,257130,65821,85254,0,35119,48500,11000,5250,0,0,0,0,0,0,47000,0,0,0,99142,126825,7500
412310,N00028463,Republican,2300,58350,250,2500,6500,34150,40850,121080,0,500,1250,0,10450,0,0,0,0,0,0,15350,0,0,0,28290,133879,826
412311,N00029018,Republican,72450,12677,26250,69000,36750,117600,65919,20450,0,32100,32124,1000,16250,0,0,0,0,0,0,27000,0,0,0,17480,28284,6420
412312,N00030418,Democrat,1600,900,0,0,0,14950,7050,450,0,6000,2450,0,900,0,0,0,0,0,0,500,0,0,0,9925,44850,3050
412314,N00029273,Republican,93822,101930,89580,42000,125900,739640,298595,355050,0,73372,77733,68180,72755,0,0,0,0,0,0,123400,0,0,0,107620,223694,4000
412315,N00030071,Democrat,252400,55950,74400,5750,45750,153733,121570,236732,0,62160,63395,159500,51400,0,0,0,0,0,0,49940,0,0,0,80790,67450,180664
412317,N00029736,Republican,106936,65140,21125,2500,179330,125987,69403,148290,0,61181,45891,13500,40655,0,0,0,0,0,0,61900,0,0,0,88350,169601,4000
412318,N00030191,Democrat,7000,36250,41100,0,33500,87100,103600,65970,0,61060,93611,193000,15500,0,0,0,0,0,0,88725,0,0,0,44450,139392,19643
412319,N00030196,Democrat,15500,20500,73040,24500,53500,72400,31750,171998,0,17426,65710,167750,25250,0,0,0,0,0,0,29250,0,0,0,25450,64623,29967
412320,N00029444,Republican,1500,-4800,5500,0,0,-13404,-500,2000,0,-6000,3000,0,-3000,0,0,0,0,0,0,500,0,0,0,0,-2400,500
412321,N00002097,Democrat,111315,212500,688082,193000,159770,2718581,714730,808345,0,1102086,1351986,192609,100450,0,0,0,0,0,0,433037,0,0,0,1220638,1575374,3033187
412322,N00029441,Republican,113850,38145,77065,43527,200720,258250,94537,59760,0,321298,59450,0,23070,0,0,0,0,0,0,48950,0,0,0,78809,203449,23070
412323,N00024790,Democrat,54583,100716,523581,106850,104633,909698,390510,559082,0,11209470,892797,280797,97608,0,0,0,0,0,0,174750,0,0,0,752592,699621,3938212
412324,N00029617,Democrat,264159,104560,459863,83402,141565,1311755,804343,1048808,0,17587417,932159,500098,180857,0,0,0,0,0,0,117415,0,0,0,1384209,1200877,12682889
412325,N00029303,Democrat,103846,78565,236057,33500,80735,472995,179054,349233,0,2341921,405579,254854,62850,0,0,0,0,0,0,68134,0,0,0,385089,596615,639516
412326,N00029901,Democrat,72250,132000,553782,61750,414964,2376587,663114,746517,0,12857811,1004877,919199,47758,0,0,0,0,0,0,312727,0,0,0,509066,642877,4084418
412327,N00030490,Democrat,79286,7300,47600,15500,59950,118900,123400,70250,0,59656,55569,176100,11500,0,0,0,0,0,0,43250,0,0,0,25775,33575,12755
412330,N00030608,Democrat,38870,18500,103300,18500,26900,439300,106450,234700,0,23200,190395,14500,11958,0,0,0,0,0,0,15750,0,0,0,42972,115250,69390
412331,N00030581,Democrat,10000,22837,36600,21000,8500,187701,76700,35450,0,40710,109406,69000,8000,0,0,0,0,0,0,110850,0,0,0,34010,94287,14014
412378,N00029016,Democrat,113591,55916,801732,16850,103800,757191,435083,536928,0,2130140,1111943,275700,103800,0,0,0,0,0,0,51700,0,0,0,1149005,756954,505371
412379,N00030600,Democrat,18000,9850,88840,7000,14100,106475,47000,82418,0,20560,67040,158076,21400,0,0,0,0,0,0,19800,0,0,0,43311,364096,14270
412382,N00030856,Democrat,106999,57220,38350,60000,25500,129272,76726,65562,0,85321,80986,283996,11250,0,0,0,0,0,0,105377,0,0,0,25390,200053,22224
412383,N00031011,Democrat,46800,-600,28350,44750,17700,105550,20174,55500,0,93300,45168,96000,12498,0,0,0,0,0,0,20000,0,0,0,34150,52877,89013
412385,N00031317,Democrat,6000,11250,117850,7000,13500,235537,74430,54350,0,118880,125833,91500,21000,0,0,0,0,0,0,11000,0,0,0,52318,86830,51720
412388,N00030788,Republican,56250,42800,42250,27500,39700,198950,78850,59850,0,33937,27300,5000,86550,0,0,0,0,0,0,72800,0,0,0,40000,117600,6000
412390,N00031820,Democrat,36533,53850,314607,51500,131100,795817,243056,313750,0,547562,1074138,149000,139200,0,0,0,0,0,0,87850,0,0,0,106772,475226,432601
412391,N00032838,Democrat,13500,2000,3250,8733,66650,102661,34350,40600,0,5000,37000,17000,30500,0,0,0,0,0,0,20500,0,0,0,15750,6070,21196
412392,N00030891,Republican,41850,34781,18250,30000,66600,456500,100509,93700,0,71959,40875,0,58505,0,0,0,0,0,0,33650,0,0,0,59850,164273,9412
412393,N00030949,Republican,62151,160300,140242,62100,298032,1335510,357670,348060,0,357843,188010,28000,108441,0,0,0,0,0,0,97840,0,0,0,70467,298933,27514
412394,N00030768,Republican,124450,75600,30900,108750,39100,201550,77100,81380,0,52890,37191,1000,15600,0,0,0,0,0,0,47899,0,0,0,49800,116100,10461
412395,N00030910,Republican,21465,21450,33450,145500,26500,56900,20210,53000,0,12000,33010,0,15360,0,0,0,0,0,0,14100,0,0,0,34418,90870,4000
412396,N00030622,Democrat,58448,65550,41740,36750,60750,505520,75905,81050,0,49500,152957,119000,48500,0,0,0,0,0,0,51350,0,0,0,50148,61884,15969
412397,N00030771,Republican,24499,12766,3000,8250,57350,24550,54902,154300,0,26500,21550,0,1250,0,0,0,0,0,0,15000,0,0,0,10250,38725,3000
412399,N00006460,Republican,3800,15050,26500,20000,35350,164150,68802,63550,0,53111,44834,1500,31850,0,0,0,0,0,0,23900,0,0,0,78300,49428,160000
412400,N00030770,Republican,223916,26750,24300,0,25800,88612,82300,64147,0,45615,15507,3250,14750,0,0,0,0,0,0,72918,0,0,0,21750,85148,22000
412401,N00031297,Republican,20600,16750,13000,15000,70450,148250,61980,99738,0,38838,29150,0,9999,0,0,0,0,0,0,23600,0,0,0,12152,-47585,18929
412402,N00031857,Republican,65740,33750,36500,87426,30000,115319,204256,37980,0,49000,28977,5000,26248,0,0,0,0,0,0,50850,0,0,0,35325,72975,8000
412403,N00031593,Republican,620836,154558,67500,7750,113546,272877,290824,125499,0,370677,112750,52000,20596,0,0,0,0,0,0,253209,0,0,0,27800,262549,64384
412404,N00031877,Democrat,9000,8400,228249,16500,23250,111725,81650,86505,0,5110,98650,141326,20700,0,0,0,0,0,0,18000,0,0,0,52325,85375,6599
412405,N00027509,Republican,128300,51038,41800,17000,217688,174150,73566,57650,0,57800,38450,0,22550,0,0,0,0,0,0,53550,0,0,0,155652,99600,10453
412406,N00030780,Republican,486049,388140,472584,37900,1155230,1977454,2128380,540151,0,24865456,404230,3637740,267155,0,0,0,0,0,0,235490,0,0,0,1457082,1271518,7908693
412407,N00030736,Democrat,250,14450,22750,19275,19750,617878,52859,98158,0,13600,123850,54000,27620,0,0,0,0,0,0,4800,0,0,0,26190,37881,64085
412408,N00031204,Republican,215000,97109,39750,19640,140800,512139,212764,241890,0,2798724,74400,134759,19400,0,0,0,0,0,0,206891,0,0,0,162079,356555,3326160
412409,N00032441,Republican,7650,3800,16250,29055,33450,42500,35450,48600,0,28250,3750,0,1250,0,0,0,0,0,0,13500,0,0,0,7000,19301,2750
412410,N00026335,Republican,56200,79350,38850,5000,24650,151125,81791,74700,0,53060,43491,9000,26900,0,0,0,0,0,0,75800,0,0,0,85314,101147,24816
412411,N00030645,Republican,57860,39124,33700,11000,57750,648266,120500,66420,0,42815,57751,1000,7000,0,0,0,0,0,0,27250,0,0,0,27324,63052,70000
412412,N00030650,Democrat,20000,2000,17750,4000,7000,53250,31000,25750,0,11510,28350,145000,500,0,0,0,0,0,0,17000,0,0,0,3900,23425,7250
412416,N00032416,Republican,1500,44700,33750,12000,39450,102345,56800,43850,0,20618,20000,2000,20000,0,0,0,0,0,0,37200,0,0,0,6900,43850,4000
412417,N00032457,Republican,174800,21650,28750,72134,28100,143690,100450,89050,0,25335,21650,2000,18300,0,0,0,0,0,0,50550,0,0,0,42550,103350,7085
412418,N00025881,Democrat,22950,125395,67250,54100,29650,298583,139100,134951,0,766940,163050,71826,16950,0,0,0,0,0,0,112013,0,0,0,315522,504872,166522
412419,N00031377,Republican,92150,36200,34550,9250,23850,61800,17518,10500,0,36840,27350,0,15900,0,0,0,0,0,0,20350,0,0,0,39900,75250,3500
412421,N00030667,Republican,85490,65190,141513,52000,214600,269382,129079,191259,0,160970,79257,65000,99398,0,0,0,0,0,0,63100,0,0,0,75517,149430,8500
412422,N00031104,Republican,36908,50250,15270,32000,54000,500077,58707,57600,0,52498,30890,55000,24000,0,0,0,0,0,0,24750,0,0,0,31650,56900,2000
412426,N00031741,Republican,71420,98450,38950,14500,122250,178950,98200,154250,0,50409,120467,7500,56696,0,0,0,0,0,0,135300,0,0,0,41875,250074,2217
412427,N00031227,Republican,33750,111452,18650,5500,138750,116692,57650,196951,0,49993,41176,3500,50650,0,0,0,0,0,0,93905,0,0,0,23350,116946,20405
412428,N00030670,Republican,27850,128500,46035,28500,128350,426149,276950,313600,0,83299,105404,500,52999,0,0,0,0,0,0,97750,0,0,0,122100,318936,7173
412429,N00027649,Republican,48775,29250,28976,0,79251,54700,43650,37050,0,299904,11700,3000,27000,0,0,0,0,0,0,49848,0,0,0,33800,75882,750
412430,N00031502,Republican,107050,158274,95185,33000,103951,529722,168686,153508,0,78749,126800,22000,77571,0,0,0,0,0,0,118091,0,0,0,55312,262511,6000
412431,N00030744,Republican,73100,80900,165727,77850,520001,216800,203600,300100,0,518776,117577,2500,242750,0,0,0,0,0,0,118098,0,0,0,79650,265590,85007
412432,N00030184,Democrat,40750,26100,99640,30500,109500,92795,87798,106448,0,53297,182567,168850,48000,0,0,0,0,0,0,119450,0,0,0,11860,80905,43954
412434,N00029147,Republican,39700,34600,10950,36019,69450,94243,68605,389162,0,48706,35100,3500,20248,0,0,0,0,0,0,55758,0,0,0,69415,121780,5500
412435,N00031933,Democrat,30250,43540,29000,35750,15600,98060,70366,72550,0,97228,99695,243500,14750,0,0,0,0,0,0,15785,0,0,0,34285,112186,90325
412436,N00031934,Republican,167813,43950,35577,13000,184305,202200,415350,539743,0,465447,51500,7000,52800,0,0,0,0,0,0,86100,0,0,0,62581,165156,730466
412437,N00030673,Republican,45000,33550,20450,25700,36650,537180,83351,33200,0,73738,45626,0,116254,0,0,0,0,0,0,33000,0,0,0,50530,99101,7565
412438,N00031938,Republican,13000,43460,40500,700,33750,146300,128284,70709,0,445584,34400,0,97465,0,0,0,0,0,0,42150,0,0,0,97458,262791,275154
412442,N00031006,Republican,96300,55200,29700,43000,132300,131800,66900,106650,0,41200,59450,4000,23305,0,0,0,0,0,0,71300,0,0,0,31100,102950,3500
412443,N00031958,Republican,50400,76800,20250,149200,92950,149349,55300,37450,0,75066,51450,1000,2500,0,0,0,0,0,0,52000,0,0,0,26737,85300,19031
412444,N00031005,Republican,134100,33400,14950,62800,48400,120700,80152,66850,0,58794,40350,1000,30900,0,0,0,0,0,0,34400,0,0,0,53500,89100,6322
412445,N00030676,Republican,36172,48587,132220,21500,117650,158494,123823,166548,0,50767,44500,3500,42656,0,0,0,0,0,0,113050,0,0,0,48150,87100,10450
412446,N00031244,Republican,8100,98509,61990,89748,80000,1124515,644844,773226,0,484333,72560,104684,42475,0,0,0,0,0,0,99508,0,0,0,111935,248896,143739
412449,N00031988,Republican,17500,13400,6700,49400,21677,47350,20500,44850,0,23684,16850,52400,7850,0,0,0,0,0,0,9850,0,0,0,9500,23695,500
412451,N00031401,Republican,27527,95575,45052,5000,51982,621876,128081,74293,0,2294737,87180,213000,15526,0,0,0,0,0,0,57950,0,0,0,45994,230311,1648047
412453,N00031998,Republican,147300,145793,72265,116000,75475,602483,572177,186197,0,680795,160477,171750,36650,0,0,0,0,0,0,53659,0,0,0,182310,341069,161751
412454,N00030197,Republican,8500,116490,25700,15500,20600,143041,66395,49500,0,223938,45497,71840,9350,0,0,0,0,0,0,102750,0,0,0,21350,119202,7000
412457,N00031513,Republican,128350,55780,117654,29500,122750,160250,139647,437103,0,168027,89800,14000,31250,0,0,0,0,0,0,59200,0,0,0,44585,103200,97953
412460,N00032088,Republican,39550,110379,86457,20000,478912,183802,112850,222415,0,214895,63561,53500,133779,0,0,0,0,0,0,68350,0,0,0,33022,267507,80090
412461,N00029574,Republican,33650,86800,44200,26200,188200,1044512,180122,283010,0,105611,121300,48500,78005,0,0,0,0,0,0,81649,0,0,0,76261,272242,40817
412462,N00031127,Republican,24750,82850,60200,23500,115449,571107,111796,215900,0,63235,91200,47500,148681,0,0,0,0,0,0,104867,0,0,0,58870,209787,33608
412463,N00031128,Republican,154424,101250,41300,500,123050,82422,67410,20550,0,103581,35000,33500,58300,0,0,0,0,0,0,121600,0,0,0,23900,75711,14438
412464,N00031129,Republican,99315,184005,90850,39850,642957,432289,211848,321035,0,849312,149400,18500,67318,0,0,0,0,0,0,160925,0,0,0,341610,786753,16500
412465,N00031647,Republican,15598,43750,73900,21000,185050,304594,106778,197301,0,71591,75653,33500,112004,0,0,0,0,0,0,105875,0,0,0,74775,166849,3600
412466,N00031134,Republican,9740,109650,70974,30600,107400,397514,133400,209100,0,133743,200649,131000,69656,0,0,0,0,0,0,160450,0,0,0,27200,156375,12500
412468,N00031777,Republican,17100,38450,115689,25000,73000,103071,76500,119650,0,41901,55850,11000,55650,0,0,0,0,0,0,72898,0,0,0,53924,87874,8000
412469,N00025495,Republican,4193,122925,33200,1250,59700,143063,71644,63847,0,53008,54921,67000,31546,0,0,0,0,0,0,176250,0,0,0,47747,126925,10439
412470,N00032019,Democrat,11100,28450,90000,23750,9500,163300,107550,68450,0,58767,156750,128000,35600,0,0,0,0,0,0,28600,0,0,0,168400,206150,35272
412471,N00031782,Republican,147000,192200,272274,44199,570801,1417460,507958,595327,0,543707,375916,20500,190475,0,0,0,0,0,0,392571,0,0,0,272650,550369,410950
412472,N00030752,Republican,40505,22100,19000,19500,69650,66875,34418,76700,0,41256,19500,1000,22905,0,0,0,0,0,0,36100,0,0,0,18850,61960,2000
412473,N00030880,Republican,33950,21000,81700,15250,44000,146600,58450,42200,0,27618,36000,3000,39554,0,0,0,0,0,0,39200,0,0,0,15700,41650,247
412474,N00031412,Republican,16500,47600,22500,9000,47200,522410,55101,51951,0,39959,47064,0,36896,0,0,0,0,0,0,50200,0,0,0,58400,119081,4000
412475,N00032022,Republican,251748,72400,41300,70000,142800,352909,171500,147300,0,94673,83049,5000,43650,0,0,0,0,0,0,76200,0,0,0,207900,219647,7200
412476,N00030815,Republican,30250,146200,22600,49000,74900,230556,113300,165650,0,132039,67000,9000,54206,0,0,0,0,0,0,84250,0,0,0,62550,273179,33929
412477,N00030957,Republican,16750,27750,5900,1000,4250,44199,43838,108440,0,138281,21590,0,31950,0,0,0,0,0,0,19750,0,0,0,51251,136014,9000
412478,N00031539,Republican,31150,93075,36500,30750,71125,285383,143900,298019,0,35262,53510,0,48299,0,0,0,0,0,0,56500,0,0,0,38850,93562,1200
412479,N00031141,Republican,356065,134450,16000,20000,48200,493244,98552,96850,0,27023,43335,16000,32700,0,0,0,0,0,0,71000,0,0,0,43133,208251,4839
412480,N00031545,Republican,69164,53650,35290,23000,273688,166890,77200,169404,0,37192,50450,3000,37450,0,0,0,0,0,0,72398,0,0,0,77741,71600,1350
412482,N00031672,Republican,64214,75050,80350,3000,113025,131600,66999,76298,0,30042,43808,12500,10750,0,0,0,0,0,0,125000,0,0,0,60160,157700,16167
412483,N00030962,Republican,9600,71550,50366,116700,61832,201831,111650,274389,0,128401,27550,15000,4000,0,0,0,0,0,0,152911,0,0,0,133269,234159,34012
412484,N00031265,Republican,39925,22700,23250,31800,65613,464499,56977,69700,0,52891,58638,2500,10805,0,0,0,0,0,0,36650,0,0,0,82902,125080,5327
412485,N00032029,Republican,36951,22000,67280,33000,166400,41883,49443,124670,0,27104,50303,1000,53650,0,0,0,0,0,0,39000,0,0,0,56308,46100,9000
412486,N00031559,Republican,74433,73100,44510,34400,42861,226350,97850,57350,0,180169,35050,17000,40390,0,0,0,0,0,0,102300,0,0,0,135075,171078,35500
412487,N00031681,Republican,13100,117850,42700,29250,353300,85250,34350,219965,0,55509,69320,154500,70655,0,0,0,0,0,0,43000,0,0,0,35800,158000,7700
412488,N00030967,Republican,101050,88100,56600,15000,73000,744054,158327,183639,0,175607,63083,28500,104854,0,0,0,0,0,0,79700,0,0,0,153775,239943,65055
412489,N00030968,Republican,186100,117300,40800,1000,81600,165272,157985,145639,0,104686,33575,18500,49696,0,0,0,0,0,0,160839,0,0,0,144240,208457,16076
412490,N00031685,Democrat,4600,14050,153375,16000,22250,149350,66775,88700,0,12750,119200,34000,18708,0,0,0,0,0,0,50200,0,0,0,71650,88100,136590
412491,N00030612,Republican,120090,116270,151460,12040,110200,633240,288328,130700,0,177937,107327,1000,67240,0,0,0,0,0,0,160828,0,0,0,370426,357439,9100
412492,N00030836,Republican,22688,22453,32434,1251,32156,200354,63655,139785,0,168815,45501,0,10250,0,0,0,0,0,0,29101,0,0,0,135848,168642,2000
412493,N00030980,Republican,14500,18650,162318,82900,88350,348090,133350,181500,0,158899,176465,31500,68100,0,0,0,0,0,0,163350,0,0,0,131182,166253,32499
412494,N00031688,Republican,40775,39470,11950,5500,122000,55450,39600,10600,0,83692,30990,2000,31300,0,0,0,0,0,0,19700,0,0,0,10900,54620,0
412495,N00031696,Republican,21050,30500,97600,16250,83865,249500,50000,75850,0,81734,69150,0,19700,0,0,0,0,0,0,19450,0,0,0,64480,117970,30450
412496,N00032546,Republican,35650,65250,66450,13000,39500,210365,88000,57175,0,40296,64223,1000,101400,0,0,0,0,0,0,76200,0,0,0,312325,221125,2850
412498,N00006806,Democrat,17000,22500,14000,10000,16500,47450,43400,28150,0,10310,58761,205251,12000,0,0,0,0,0,0,119500,0,0,0,7425,62625,24934
412500,N00031177,Republican,29300,44100,42600,20000,54500,56099,101100,33500,0,45000,54250,3000,4500,0,0,0,0,0,0,36950,0,0,0,33550,105525,8000
412501,N00033474,Democrat,37600,21100,54950,28000,13250,67578,48650,88450,0,39050,112400,180250,35350,0,0,0,0,0,0,42250,0,0,0,56350,55139,24659
412502,N00033981,Democrat,55050,35130,99225,101428,53900,230933,179898,360499,0,2115083,164074,275500,7708,0,0,0,0,0,0,20800,0,0,0,333233,258677,2963942
412503,N00034041,Republican,20100,42850,25400,4000,44450,60125,36952,40110,0,63938,36800,2000,21850,0,0,0,0,0,0,102976,0,0,0,17250,60578,6500
412505,N00030693,Democrat,88650,9500,279935,28000,50849,178967,199128,114475,0,366806,128250,244000,22498,0,0,0,0,0,0,32100,0,0,0,180675,148364,208313
412506,N00034639,Democrat,5000,7250,28500,18500,22700,58350,19255,43300,0,4510,39192,111025,9000,0,0,0,0,0,0,18000,0,0,0,24205,25690,29750
412507,N00028138,Democrat,48550,241875,240400,41800,125449,874696,332894,201600,0,1303055,768603,255026,18200,0,0,0,0,0,0,352735,0,0,0,227259,1015615,367797
412508,N00033363,Republican,345997,375067,281417,69150,677944,2555379,923698,913368,0,17468801,493614,1098405,236350,0,0,0,0,0,0,262693,0,0,0,1257432,1179243,6613949
412509,N00033983,Democrat,28500,33451,113426,36900,50689,937532,132101,286668,0,962991,321064,245000,15248,0,0,0,0,0,0,31750,0,0,0,246354,275558,912332
412510,N00033987,Republican,242719,19450,8000,4000,56550,69450,95973,10600,0,38000,5200,2000,4226,0,0,0,0,0,0,31250,0,0,0,7450,66650,4286
412511,N00033030,Democrat,45747,3750,32200,0,25950,69880,98819,80958,0,48430,61959,154538,10000,0,0,0,0,0,0,5750,0,0,0,73850,104316,3140
412512,N00030717,Democrat,45250,33701,172790,33700,36250,389304,144874,1067881,0,2677856,167731,266316,34548,0,0,0,0,0,0,60904,0,0,0,467352,408577,4087749
412513,N00034224,Republican,4150,86650,26000,59400,37700,64400,96950,55850,0,89800,29745,116209,4500,0,0,0,0,0,0,36200,0,0,0,20280,44800,7000
412514,N00033508,Democrat,27200,73400,115655,16500,60275,259838,184815,213051,0,92850,168038,197576,40604,0,0,0,0,0,0,38650,0,0,0,79424,327008,41177
412515,N00033367,Republican,796943,74142,49635,32000,136799,168296,518516,109150,0,391533,40950,120172,29150,0,0,0,0,0,0,77450,0,0,0,61350,311143,160436
412516,N00034254,Democrat,38025,17715,141150,19750,14350,193772,101159,178820,0,2183792,162780,314776,33056,0,0,0,0,0,0,15850,0,0,0,297080,234289,1255350
412517,N00033373,Democrat,16750,41850,83233,7500,26750,163702,218031,94816,0,87766,51948,107576,15000,0,0,0,0,0,0,33026,0,0,0,22800,130804,133954
412518,N00033509,Democrat,12000,1000,5000,0,6500,13750,12750,13050,0,11050,5350,35000,2604,0,0,0,0,0,0,3750,0,0,0,1950,4450,5400
412519,N00033510,Democrat,21300,33750,119518,13700,21800,285872,212046,936651,0,520107,166219,242951,12948,0,0,0,0,0,0,31700,0,0,0,234943,415186,325360
412520,N00006701,Democrat,22200,23500,74500,10850,3000,122991,58990,89112,0,114872,126043,176076,13504,0,0,0,0,0,0,11400,0,0,0,124959,141180,128411
412521,N00033274,Democrat,17000,7400,25450,16200,23000,55425,40850,59548,0,43777,37275,231676,8915,0,0,0,0,0,0,42600,0,0,0,34420,109541,64975
412522,N00007021,Democrat,28500,9000,31750,44000,32500,225502,91032,110050,0,10531,18500,108000,8104,0,0,0,0,0,0,14100,0,0,0,-250,25700,48600
412523,N00033591,Democrat,4000,14000,199775,126348,68650,451100,167962,351444,0,1224612,283220,244751,18458,0,0,0,0,0,0,26800,0,0,0,275641,393419,3349037
412524,N00033217,Democrat,22530,43050,90280,4500,8166,328850,143467,234457,0,515456,286533,252689,20950,0,0,0,0,0,0,100569,0,0,0,244710,227849,360077
412525,N00033220,Republican,152679,55933,11100,15000,15100,51416,50217,27260,0,263126,16950,3000,21176,0,0,0,0,0,0,21000,0,0,0,53874,159020,7250
412526,N00034746,Republican,27225,48650,88000,40050,44400,233890,101873,74509,0,64662,61022,1000,30950,0,0,0,0,0,0,37450,0,0,0,97575,73267,11100
412527,N00033091,Democrat,30500,313600,82100,22000,68250,2002928,276904,279370,0,865286,382790,250439,44698,0,0,0,0,0,0,81250,0,0,0,365778,766918,591032
412528,N00034017,Republican,14750,11000,21250,3000,27900,31750,46908,37600,0,33634,12280,1000,0,0,0,0,0,0,0,41476,0,0,0,11700,300,1250
412529,N00002893,Democrat,31950,14200,34650,4000,7600,155800,106813,73400,0,32860,118923,187500,5700,0,0,0,0,0,0,76470,0,0,0,108500,150471,52073
412530,N00029908,Democrat,67029,117144,185073,6500,32750,478045,253807,274619,0,1336483,481403,232440,32943,0,0,0,0,0,0,104461,0,0,0,244866,570665,3996309
412531,N00033518,Republican,37400,43450,71000,18500,46250,115050,83441,66650,0,61625,45750,2000,26200,0,0,0,0,0,0,50950,0,0,0,31818,92430,2500
412532,N00033281,Democrat,15600,71552,93607,46350,31400,187044,77283,112711,0,129563,74157,153952,18002,0,0,0,0,0,0,91354,0,0,0,91129,261415,174738
412533,N00027860,Democrat,36000,15500,89609,112248,25000,257306,100800,250807,0,291754,177917,267750,36000,0,0,0,0,0,0,56310,0,0,0,122394,95289,104684
412534,N00033101,Democrat,23700,16850,85100,23350,33325,605921,196298,224100,0,2035960,394266,240500,67506,0,0,0,0,0,0,25600,0,0,0,259374,506101,4116187
412535,N00034884,Democrat,59950,28650,32700,69498,51950,129409,54305,73800,0,1250802,302044,279250,7000,0,0,0,0,0,0,48050,0,0,0,74073,137173,3608084
412536,N00034784,Republican,312561,172306,58850,2250,261050,431045,417634,447522,0,567209,148081,128000,65947,0,0,0,0,0,0,252046,0,0,0,88300,245898,930752
412537,N00033390,Democrat,121772,37925,56150,11700,65750,258554,115891,398606,0,796897,216801,297950,17308,0,0,0,0,0,0,154248,0,0,0,171114,229399,464892
412538,N00031226,Republican,83076,77669,40000,126250,92140,204116,144499,174900,0,250221,47147,0,138700,0,0,0,0,0,0,86149,0,0,0,111136,220628,44437
412539,N00033495,Republican,20250,75400,77790,36500,70950,264900,116516,176176,0,118761,136825,10500,37694,0,0,0,0,0,0,50900,0,0,0,69000,270600,25521
412540,N00012546,Republican,40700,90300,34450,10500,71400,316391,106950,123125,0,67091,84460,2000,49326,0,0,0,0,0,0,36045,0,0,0,40362,100200,3323
412541,N00031233,Republican,157840,127966,28900,9000,297010,732623,340064,282887,0,144069,117975,1000,47275,0,0,0,0,0,0,97875,0,0,0,157820,256975,52935
412542,N00033492,Democrat,0,6800,26850,6000,2000,33150,12650,30825,0,58642,19200,107691,1350,0,0,0,0,0,0,2750,0,0,0,166580,37897,51641
412543,N00034044,Democrat,13200,45850,144593,33500,27950,750925,153100,259340,0,59310,412602,156389,18850,0,0,0,0,0,0,15750,0,0,0,94600,329589,61173
412544,N00033897,Democrat,15100,69535,26100,16000,54600,731069,74800,83050,0,17510,121000,96750,8599,0,0,0,0,0,0,38950,0,0,0,71900,199350,663611
412545,N00034580,Independent,25000,3000,17678,2000,1500,15878,6219,6360,0,1000,5600,535,0,0,0,0,0,0,0,3500,0,0,0,6450,8250,12735
412546,N00033395,Democrat,43500,4450,13625,0,30050,224150,78950,75701,0,15245,64374,152500,18800,0,0,0,0,0,0,14800,0,0,0,15050,51996,44702
412547,N00033625,Republican,2500,21050,2050,3000,18850,65000,31050,13950,0,103888,7700,0,20750,0,0,0,0,0,0,31900,0,0,0,39100,61950,33650
412548,N00033106,Republican,92150,68600,54710,55600,143200,799299,175052,177447,0,61842,114157,10500,101844,0,0,0,0,0,0,187000,0,0,0,96000,154151,4500
412549,N00033054,Republican,379000,343550,219816,18100,663402,1261023,767414,236616,0,1075037,200352,21000,157583,0,0,0,0,0,0,327580,0,0,0,639011,668281,84166
412550,N00033630,Republican,167291,49285,43850,46500,76050,264500,165648,94050,0,54498,85000,17500,46849,0,0,0,0,0,0,122550,0,0,0,45000,114962,6088
412551,N00034416,Republican,19200,38000,35550,9500,50850,357050,71650,56376,0,49840,45325,0,40248,0,0,0,0,0,0,30550,0,0,0,104350,88350,5994
412552,N00033631,Republican,16600,29175,9250,2500,18000,76950,31550,40600,0,90854,8600,6000,14250,0,0,0,0,0,0,71081,0,0,0,47315,41742,33575
412553,N00033399,Republican,76927,57900,108500,12500,37750,222860,130956,130813,0,54400,147142,2500,24381,0,0,0,0,0,0,57800,0,0,0,81550,192100,14700
412554,N00033782,Democrat,50600,1000,24125,4000,170350,165388,81183,30800,0,7000,64350,12000,2000,0,0,0,0,0,0,27000,0,0,0,1750,15800,77577
412555,N00004614,Republican,209733,80500,30250,22000,302850,150900,65725,39850,0,160109,20950,4000,16655,0,0,0,0,0,0,38950,0,0,0,62300,258591,19000
412556,N00033443,Republican,72702,5250,65700,11000,30250,64800,37800,36450,0,24732,49750,7000,7750,0,0,0,0,0,0,44500,0,0,0,19680,41380,0
412557,N00030875,Democrat,48750,21655,120940,34350,36700,309601,109193,219375,0,2974883,198249,247770,26406,0,0,0,0,0,0,17600,0,0,0,420100,218717,987799
412558,N00029400,Democrat,42500,32450,35210,19750,33200,126296,113550,274516,0,116228,209679,224000,13799,0,0,0,0,0,0,21949,0,0,0,111456,125938,50797
412559,N00033638,Democrat,24600,35850,88800,29000,59950,318344,168852,107150,0,1069679,147706,359537,16674,0,0,0,0,0,0,44500,0,0,0,72103,188745,243440
412560,N00034547,Democrat,18900,44588,40650,5750,3000,144349,93915,77850,0,28808,44617,97100,27549,0,0,0,0,0,0,46700,0,0,0,42500,447563,875
412561,N00033640,Democrat,12000,6750,156940,3000,7100,165109,73900,54100,0,56880,174400,155600,6850,0,0,0,0,0,0,17000,0,0,0,30150,137625,337383
412562,N00034277,Democrat,53000,79650,209500,5200,28200,851550,224181,193045,0,564577,436698,299250,54283,0,0,0,0,0,0,90748,0,0,0,238500,458022,791321
412563,N00001285,Republican,61679,45550,18760,28500,59950,99050,123510,63700,0,60027,32000,19000,51499,0,0,0,0,0,0,39850,0,0,0,33450,145237,16369
412564,N00033310,Republican,3500,29950,26180,48225,43450,146861,81400,149428,0,41500,43765,5500,52999,0,0,0,0,0,0,55000,0,0,0,65654,124603,7412
412565,N00033904,Democrat,11900,14750,18400,9000,59100,294256,72687,78500,0,5510,67700,111100,12604,0,0,0,0,0,0,29500,0,0,0,21600,42415,35984
412566,N00035007,Republican,48850,132800,55850,36250,139880,320458,146898,337510,0,376222,127642,191500,222215,0,0,0,0,0,0,82300,0,0,0,114200,357843,135142
412567,N00033532,Republican,4750,21750,15500,79000,74500,56650,22086,76015,0,55931,20953,2500,14200,0,0,0,0,0,0,22500,0,0,0,51450,105455,21550
412568,N00033410,Republican,77900,92700,27340,0,160800,166724,149723,57200,0,85589,37750,4000,31050,0,0,0,0,0,0,113656,0,0,0,43300,153000,2500
412569,N00034120,Republican,13950,51650,20000,12000,64600,80550,43850,17700,0,42750,32750,5000,14950,0,0,0,0,0,0,85248,0,0,0,22450,70015,2263
412570,N00031253,Republican,13350,58283,67311,10600,252981,560432,106076,165250,0,231959,82201,0,112901,0,0,0,0,0,0,72975,0,0,0,110823,290152,59020
412571,N00034128,Democrat,7400,23450,17550,25500,500,52400,28400,44350,0,28467,498240,212500,20554,0,0,0,0,0,0,10850,0,0,0,26420,213280,15459
412572,N00033832,Republican,71450,118750,22700,1250,67400,210713,64252,103100,0,36086,49807,2000,17500,0,0,0,0,0,0,120705,0,0,0,64650,156350,6000
412573,N00033085,Republican,89050,103290,82849,1550,226769,552710,164313,95445,0,301554,143017,325,97950,0,0,0,0,0,0,54400,0,0,0,219946,357222,-1500
412574,N00033539,Republican,17514,69448,29900,10500,120300,118650,62697,37450,0,28917,27317,250,76381,0,0,0,0,0,0,50064,0,0,0,30967,109699,14091
412575,N00033540,Democrat,13500,30300,15400,6200,22700,82750,34350,37140,0,16010,17150,65000,900,0,0,0,0,0,0,20700,0,0,0,9800,60750,9600
412576,N00033316,Democrat,21764,29400,74985,62500,72150,166237,112271,93600,0,36881,167500,61500,4500,0,0,0,0,0,0,64750,0,0,0,29500,153106,31233
412577,N00033541,Democrat,130664,41000,88360,59000,79500,230147,195980,175318,0,1431337,217848,186000,8908,0,0,0,0,0,0,78799,0,0,0,46505,319212,1232835
412578,N00030602,Republican,51864,90300,33050,17750,239512,362398,118573,72080,0,41177,109125,12250,58869,0,0,0,0,0,0,267180,0,0,0,109950,247636,23500
412579,N00033839,Democrat,12550,27380,40900,86999,62250,174713,113432,127386,0,104928,180488,212100,12450,0,0,0,0,0,0,60100,0,0,0,54400,134585,31355
412580,N00034349,Democrat,77350,60814,45300,13000,42000,54850,45450,66543,0,24654,95050,103000,13999,0,0,0,0,0,0,22000,0,0,0,15556,133725,41205
412581,N00033932,Republican,13500,31950,34000,57774,111150,119400,24200,78300,0,45000,38817,11000,13226,0,0,0,0,0,0,26600,0,0,0,10050,103750,10500
412582,N00033177,Democrat,4250,25600,23200,45900,30700,152600,44058,66525,0,26913,162400,216731,9000,0,0,0,0,0,0,18250,0,0,0,73950,72500,79773
412583,N00034453,Democrat,36450,39350,96250,95250,31425,210711,170254,140230,0,111782,117074,216100,13700,0,0,0,0,0,0,80360,0,0,0,161150,216339,64601
412584,N00031557,Democrat,22850,28750,78210,36400,30849,436281,123163,116988,0,66350,158255,200950,22999,0,0,0,0,0,0,30510,0,0,0,124065,163671,48028
412585,N00033549,Democrat,24700,7500,23453,0,26850,114622,42114,90172,0,35057,54717,251707,18550,0,0,0,0,0,0,37250,0,0,0,39670,48196,33538
412586,N00033549,Democrat,0,0,0,0,0,0,0,0,0,0,0,0,0,0,0,0,0,0,0,0,0,0,0,0,0,0
412597,None,Republican,0,0,0,0,0,0,0,0,0,0,0,0,0,0,0,0,0,0,0,0,0,0,0,0,0,0
412595,N00035215,Democrat,43700,20975,19000,5250,18250,122722,52451,80650,0,1007297,68335,205766,8900,0,0,0,0,0,0,38250,0,0,0,46300,121352,31789
412596,N00035282,Republican,180617,91450,108650,19999,112465,173002,115050,149550,0,169620,72850,0,46400,0,0,0,0,0,0,61298,0,0,0,60555,179502,43380
412598,N00035267,Democrat,93350,285900,1440100,22800,247638,4205405,1103665,1057354,0,2225764,2268371,285351,291825,0,0,0,0,0,0,335275,0,0,0,658228,3031120,897779
412599,N00035593,Republican,45699,24050,10500,0,25173,13050,30650,28000,0,327172,17538,0,1000,0,0,0,0,0,0,6000,0,0,0,20699,59131,249800
412600,N00035278,Democrat,500,20000,94600,21600,25350,251128,105055,197572,0,365154,242409,168500,14600,0,0,0,0,0,0,10000,0,0,0,169620,228617,137878
412601,N00035380,Republican,98084,125925,23500,87000,105450,273000,351859,142950,0,249556,176750,2000,50100,0,0,0,0,0,0,74900,0,0,0,105782,207750,22000
412602,N00035686,Democrat,59400,20450,124450,500,34350,256218,136249,96606,0,634875,490646,180150,12500,0,0,0,0,0,0,27600,0,0,0,267891,194474,758075
412603,N00035717,Republican,23417,69250,33950,96025,46800,319124,847741,91550,0,1910883,114349,58261,60806,0,0,0,0,0,0,61850,0,0,0,153941,241681,2600281
412604,N00035854,Republican,1000,12148,4600,0,1750,82193,24900,23460,0,1049204,56518,0,18000,0,0,0,0,0,0,9521,0,0,0,177577,189131,26866
412605,N00036013,Republican,21748,37041,16550,4200,29200,117640,34745,41651,0,268657,24000,0,11400,0,0,0,0,0,0,16200,0,0,0,210049,178991,48875
412606,N00036154,Democrat,14000,129700,29300,11600,56700,239056,75816,166400,0,888357,175446,382149,20700,0,0,0,0,0,0,35500,0,0,0,45299,412176,69050
412607,N00035451,Democrat,0,0,0,0,0,0,0,0,0,0,0,0,0,0,0,0,0,0,0,0,0,0,0,0,0,0
